Filename	C_1A	C_1B	C_2A	C_2B	C_3A	C_3B	C_4A	C_4B	C_4C	DS_1A	DS_1B	DS_2A	DS_2B	DS_3A	DS_3B	IS_1A	IS_1B	IS_2	IS_3A	IS_3B	IS_3C	MS1_1	MS1_2A	MS1_2B	MS1_3A	MS1_3B	MS1_5A	MS1_5B	MS1_5C	MS1_5D	MS2_1	MS2_2	MS2_3	MS2_4A	MS2_4B	MS2_4C	MS2_4D	P_1A	P_1B	P_2A	P_2B	P_2C	P_3
QC_Shew_12_02_050nl-min_Run-1_20Dec12_Lion_12-11-11	0.018947	0.037895	75.1492	6.3075	57.5	31	110.09	98.65	26.25	2.487	1.114	1253	12504	1.634	1.267	7	7	690.9789	0	0.292517	0	0.368	19.25	21568	162.295	1.34E+06	-0.069056	0.263401	-42.334	-42.255	7.414	99.165	775	0.0233	0.056	0.0776	0.1405	7.24	-7.241	939	282	267	0.011236
QC_Shew_12_02_050nl-min_Run-2_20Dec12_Lion_12-12-17	0.025875	0.079148	16.3971	19.8816	39.35	34.43	85.48	29.88	28.19	1.706	1	321	3210	1.493	1.191	1	1	720.3675	0.012939	0.201479	0	2.914	30.76	471500	293.759	1.45E+06	-0.106446	0.260943	-72.382	-72.346	5.239	101.25	809	0.0023	0.0103	0.0553	0.0999	6.99	-6.988	650	133	124	0
QC_Shew_12_02_050nl-min_Run-3_20Dec12_Lion_12-11-11	0.037356	0.025862	9.2558	18.9071	77.6	41.48	121.17	85.44	28.9	2.353	1.417	173	1725	1.752	1.368	1	2	646.9924	0.003984	0.38247	0	3.397	6.005	8245.4	277.87	8.89E+05	-0.079541	0.263286	-53.248	-52.086	13.434	146.1	734	0.0071	0.019	0.0657	0.0972	7	-6.998	344	105	98	0.030612
QC_Shew_12_02_050nl-min_Run-4_20Dec12_Lion_12-12-17	0.000548	0.002193	34.0522	26.4006	45.7	43.04	56.6	75.77	45.38	3.722	3.151	655	6526	1.712	1.265	3	3	725.3739	0.00431	0.306034	0	0.136	65.03	128665	33.994	1062650	-0.081967	0.259886	-51.539	-51.537	10.661	141.15	762	0.0365	0.0953	0.1139	0.162	7.34	-7.345	1764	1273	1188	0.021886
QC_Shew_12_02_100nl-min_Run-1_19Dec12_Lion_12-11-11	0.005548	0.037448	73.45	9.7073	53.56	31.62	138.41	107.11	31.32	2.356	1.553	1264	12218	1.721	1.246	6	7	724.9265	0.008197	0.3051	0	0.1675	55.055	32851.5	364.645	1623500	-0.055411	0.266117	-34.154	-34.029	6.282	119.7	764	0.0257	0.0635	0.1063	0.1734	7.29	-7.287	1403	626	573	0.013962
QC_Shew_12_02_100nl-min_Run-1_20Dec12_Lion_12-11-11	0.003695	0.012931	37.4585	21.4371	86.15	59.84	135.83	97.81	87.24	2.161	1.713	726	7258	1.606	1.227	21	20	735.9173	0.003934	0.2738	0	0.07	26.115	279015	43.718	1765050	-0.060745	0.25444	-32.699	-32.501	5.447	117.65	772	0.0291	0.0766	0.0944	0.1621	7.28	-7.285	1589	760	710	0.014085
QC_Shew_12_02_100nl-min_Run-2_19Dec12_Lion_12-12-17	0	0.08046	7.2845	29.5147	101.21	125.92	120.31	7.39	95.26	1.97	1.65	143	1436	1.915	1.448	43	37	802.9357	0	0.421569	0	10	30.03	540230	157.654	1947000	-0.060081	0.261824	-35.629	-34.139	5.572	91.66	807	0.0035	0.0226	0.0727	0.2025	7.06	-7.056	422	168	156	0.012821
QC_Shew_12_02_100nl-min_Run-2_20Dec12_Lion_12-12-17	0.005613	0.039289	77.4294	6.8062	62.47	31.02	97.44	113.98	28.95	1.631	2.135	1296	12963	1.645	1.235	6	5	725.8986	0.007614	0.348985	0	0.359	15.83	13971	182.293	1177600	-0.066523	0.262838	-39.013	-38.413	9.153	120.6	766	0.0225	0.0678	0.1105	0.1417	7.28	-7.276	1037	442	411	0.026764
QC_Shew_12_02_100nl-min_Run-3_20Dec12_Lion_12-11-11	0.003661	0.018304	40.0569	20.2462	72.43	50.65	132.7	94.79	52.93	1.814	2.352	766	7666	1.597	1.27	0	0	718.3806	0.004612	0.255188	0	0.061	36.67	214090	61.699	1786700	-0.083006	0.253669	-53.646	-53.317	5.358	122.5	773	0.0237	0.0797	0.1068	0.1595	7.33	-7.335	1606	708	659	0.013657
QC_Shew_12_02_100nl-min_Run-4_20Dec12_Lion_12-12-17	0.005213	0.044309	77.0274	7.374	64.72	31.79	106.45	107.79	27.05	1.794	2.019	1293	12934	1.63	1.241	3	5	720.3317	0.008178	0.336449	0	0.268	21.915	16987.5	141.183	1.27E+06	-0.091326	0.270209	-51.808	-51.806	8.061	125.2	759	0.0223	0.0635	0.1167	0.154	7.28	-7.285	1125	476	438	0.018265
QC_Shew_12_02_200nl-min_Run-1_19Dec12_Lion_12-11-11	0.000931	0.002327	33.6461	31.5341	69.4	77.37	83.12	59.24	85.42	2.763	2.514	659	6586	1.674	1.276	2	2	762.0353	0.006627	0.287952	0	0.075	37.96	303070	29.064	1628000	-0.051443	0.26548	-25.68	-25.625	6.28	127.4	760	0.0457	0.107	0.1258	0.2011	7.39	-7.388	2089	1312	1213	0.019786
QC_Shew_12_02_200nl-min_Run-1_20Dec12_Lion_12-11-11	0.001815	0.001815	36.8083	29.6401	68.41	80.14	40.18	61.64	81.64	2.922	2.702	743	7184	1.672	1.237	6	8	774.408	0.005542	0.351601	0	0.083	45.57	312250	27.069	1.47E+06	-0.065042	0.258459	-36.185	-36.064	7.321	124.1	760	0.0583	0.119	0.1176	0.1971	7.38	-7.38	2151	1467	1357	0.01916
QC_Shew_12_02_200nl-min_Run-1_2Jan13_Lion_12-10-03	0.002392	0.001914	37.2592	27.4831	74.05	84.89	51.77	42.22	88.01	2.788	2.56	606	5570	1.633	1.229	9	8	758.7403	0.006378	0.326531	0	0.077	57.19	429130	16.19	1.87E+06	-0.00775	0.269579	-4.483	-4.403	5.403	138.2	748	0.0727	0.1309	0.1561	0.2188	7.68	-7.683	2031	1380	1282	0.01092
QC_Shew_12_02_200nl-min_Run-2_19Dec12_Lion_12-12-17	0.001231	0.005538	31.0833	25.7373	54.08	49.52	70.34	78.74	56.74	2.08	2.821	599	5990	1.687	1.269	2	1	709.8642	0.012872	0.294449	0	0.125	55.455	110810	58.61	1417900	-0.052466	0.270839	-31.738	-31.689	7.375	146.25	741	0.006	0.0777	0.1165	0.1844	7.24	-7.245	1579	961	872	0.018349
QC_Shew_12_02_200nl-min_Run-2_20Dec12_Lion_12-12-17	0.001714	0.003429	31.338	27.4108	62.96	70.73	48.18	63.99	76.22	2.158	3.195	610	6094	1.789	1.294	3	8	720.3675	0.007353	0.279412	0	0.1325	54.16	125890	63.529	1.67E+06	-0.095901	0.261092	-58.675	-58.57	6.437	136.9	740	0.0233	0.098	0.1152	0.1896	7.35	-7.353	1696	1106	1012	0.014822
QC_Shew_12_02_200nl-min_Run-2_2Jan13_Lion_12-10-04	0.001176	0.000588	31.9013	26.2999	81.54	88.34	39.54	100.09	90.25	2.466	2.535	512	4750	1.675	1.242	3	3	704.8733	0.009774	0.269173	0	0.103	64.64	233760	27.096	1869900	-0.040053	0.279129	-25.236	-25.012	5.471	157.7	719	0.0412	0.1199	0.1441	0.2025	7.7	-7.701	1665	1094	1014	0.009862
QC_Shew_12_02_200nl-min_Run-3_19Dec12_Lion_12-11-11	0.000968	0.00387	36.6115	27.8601	67.63	77.44	70	65.31	86.26	2.294	3.03	713	7140	1.636	1.254	2	4	760.381	0.005222	0.343995	0	0.079	48.41	240665	34.436	1529100	-0.047838	0.264446	-27.095	-27.069	6.878	127.65	764	0.0542	0.1004	0.1174	0.2083	7.42	-7.42	2022	1269	1172	0.010239
QC_Shew_12_02_200nl-min_Run-3_20Dec12_Lion_12-11-11	0.001354	0.002256	37.9063	28.7287	70.3	78.69	90.51	60.31	87.55	3.087	2.12	743	7429	1.583	1.223	3	4	776.2505	0.007225	0.326911	0	0.072	41.82	394035	21.46	1.49E+06	-0.035601	0.257265	-20.767	-20.692	6.847	122.9	764	0.0596	0.1106	0.1193	0.1839	7.41	-7.41	2150	1388	1277	0.018011
QC_Shew_12_02_200nl-min_Run-3_2Jan13_Lion_12-10-03	0	0.004215	35.1211	29.8681	81.98	100.01	47.54	39.35	104.28	2.599	2.888	563	5259	1.667	1.271	11	11	773.9114	0.007002	0.352005	0	0.08	56.8	440585	19.908	1887000	-0.039321	0.274613	-22.696	-22.544	5.36	142.5	750	0.0831	0.132	0.163	0.2207	7.6	-7.599	2081	1385	1275	0.01098
QC_Shew_12_02_200nl-min_Run-4_19Dec12_Lion_12-12-17	0.002384	0.005959	32.3516	25.4392	56.29	54.25	68.86	81.23	63.28	2.386	2.323	627	6262	1.721	1.263	1	2	719.3355	0.012539	0.302508	0	0.098	52.84	145430	82.686	1624000	-0.051294	0.258781	-33.495	-33.467	6.46	149.35	746	0.0099	0.0822	0.1102	0.1852	7.27	-7.266	1622	990	906	0.018764
QC_Shew_12_02_200nl-min_Run-4_20Dec12_Lion_12-12-17	0.000569	0.004556	32.8935	26.297	63.64	73.2	43.55	73.09	81.02	2.22	2.177	640	6409	1.711	1.292	0	0	716.8801	0.007364	0.285714	0	0.11	59.03	173740	58.746	1704600	-0.081975	0.261866	-50.292	-49.797	6.174	146.6	748	0.0194	0.0988	0.1108	0.1844	7.33	-7.333	1709	1060	963	0.014538
QC_Shew_12_02_200nl-min_Run-4_2Jan13_Lion_12-10-04	0.001594	0.001063	33.0335	27.9413	79.41	87.88	41.22	91.22	91.64	2.556	2.016	496	4960	1.65	1.262	1	1	713.1839	0.010892	0.270252	0	0.09	71.99	275850	30.346	1989300	-0.054028	0.27373	-32.409	-31.884	5.018	159.1	729	0.0453	0.1276	0.1567	0.2125	7.7	-7.697	1830	1177	1077	0.011142
QC_Shew_12_02_300nl-min_Run-1_19Dec12_Lion_12-11-11	0.000839	0.001677	37.0619	31.5958	57.32	68.62	34.6	48.65	71.39	3.702	3.081	752	7256	1.65	1.234	5	3	774.8947	0.008601	0.358945	0	0.071	50.48	379980	28.909	1604200	-0.064848	0.261682	-34.14	-34.106	6.561	127.2	754	0.0685	0.1161	0.1278	0.2013	7.4	-7.398	2302	1687	1556	0.020566
QC_Shew_12_02_300nl-min_Run-1_20Dec12_Lion_12-11-11	0	0.001336	35.7494	30.9376	59.71	69.26	32.18	48.73	69.6	3.301	3.618	700	6997	1.671	1.223	4	3	776.0778	0.005501	0.367359	0	0.09	56.935	338675	32.913	1355150	-0.068794	0.268621	-37.304	-37.113	7.862	127.85	744	0.0597	0.1158	0.1225	0.1924	7.37	-7.374	2177	1615	1491	0.020121
QC_Shew_12_02_300nl-min_Run-2_19Dec12_Lion_12-12-17	0.000579	0.000579	29.6526	28.6316	51.04	55.52	36.98	60.27	57.16	2.359	4.028	575	5753	1.734	1.28	1	1	702.8612	0.01167	0.247994	0	0.1765	70.26	130400	64.582	1454000	-0.098156	0.27078	-60.75	-60.692	7.256	145.8	729	0.0172	0.099	0.1159	0.1833	7.33	-7.329	1664	1170	1066	0.025328
QC_Shew_12_02_300nl-min_Run-2_20Dec12_Lion_12-12-17	0.001519	0.000506	33.3503	29.2351	59.53	67.45	31.13	75.28	72.16	2.913	3.275	650	6499	1.713	1.282	1	2	734.7305	0.011538	0.254487	0	0.097	69.02	216720	32.408	1.68E+06	-0.044141	0.263965	-26.814	-26.632	6.483	145.5	744	0.0332	0.1127	0.1226	0.1907	7.41	-7.406	1917	1379	1273	0.022781
QC_Shew_12_02_300nl-min_Run-3_19Dec12_Lion_12-11-11	0.001274	0	35.5302	32.5076	54.3	62.02	44.77	48.02	65.89	3.276	3.167	697	6971	1.634	1.237	5	4	779.7257	0.005175	0.348476	0	0.074	52.32	366395	20.902	1623550	-0.059181	0.264631	-31.959	-31.921	6.593	125.5	758	0.0598	0.112	0.1292	0.2027	7.39	-7.391	2269	1644	1512	0.022487
QC_Shew_12_02_300nl-min_Run-3_20Dec12_Lion_12-11-11	0.002161	0.003457	37.3025	30.5073	58.45	68.47	36.82	48.59	67.63	3.431	2.694	730	7303	1.7	1.245	5	4	776.0778	0.008408	0.381381	0	0.082	53.16	339665	27.331	1.35E+06	-0.062609	0.262287	-35.032	-34.921	8.027	123.5	749	0.0632	0.1171	0.1241	0.1943	7.4	-7.4	2240	1604	1472	0.019022
QC_Shew_12_02_300nl-min_Run-4_19Dec12_Lion_12-12-17	0.001002	0	31.9723	30.6828	54.15	60.48	31.54	57.92	66.55	2.929	2.692	623	6228	1.772	1.295	1	2	727.3585	0.01025	0.269058	0	0.121	63.39	174460	49.22	1564100	-0.070696	0.264955	-42.753	-42.716	6.784	142.2	745	0.0254	0.1153	0.1235	0.2098	7.39	-7.387	1932	1362	1238	0.020194
QC_Shew_12_02_300nl-min_Run-4_20Dec12_Lion_12-12-17	0.001459	0	30.8394	32.8476	57.74	65.45	30.38	70.29	68.27	2.654	3.807	601	6016	1.682	1.254	3	4	740.3755	0.010739	0.288061	0	0.09	61.45	238740	26.058	1.56E+06	-0.060146	0.259735	-37.4	-37.061	6.983	137.5	748	0.0296	0.1256	0.1251	0.1921	7.4	-7.4	1986	1437	1325	0.024906
QC_Shew_12_02_350nl-min_Run-1_19Dec12_Lion_12-11-11	0.000866	0.000866	34.214	33.232	59.3	69.84	32.81	54.16	76.06	3.447	4.225	726	6677	1.624	1.207	7	5	789.9461	0.010351	0.317424	0	0.084	59.37	397370	19.753	1544100	-0.038043	0.268921	-22.668	-22.647	6.922	125.7	741	0.0577	0.125	0.1387	0.1887	7.38	-7.384	2229	1726	1588	0.023929
QC_Shew_12_02_350nl-min_Run-1_20Dec12_Lion_12-11-11	0.001824	0.00228	34.4667	31.3346	58.91	70.41	32.12	44.05	71.82	3.711	3.961	683	6759	1.678	1.236	4	3	771.3693	0.004957	0.353779	0	0.085	61.455	387590	31.273	1543900	-0.026236	0.269256	-13.575	-13.242	7.14	124.75	746	0.0589	0.1105	0.1169	0.1878	7.36	-7.359	2117	1638	1516	0.023747
QC_Shew_12_02_350nl-min_Run-2_19Dec12_Lion_12-12-17	0.00055	0.0011	30.4931	29.3509	48.52	53.91	29.87	56.97	57.98	3.193	3.387	593	5928	1.738	1.289	1	1	711.3143	0.015797	0.23283	0	0.141	74.63	170040	55.981	1694400	-0.055561	0.262791	-34.872	-34.834	6.767	152.1	719	0.0126	0.0969	0.1153	0.1917	7.34	-7.34	1752	1265	1156	0.029412
QC_Shew_12_02_350nl-min_Run-2_20Dec12_Lion_12-12-17	0.008134	0.000452	35.5646	30.7328	61.25	70.91	29.45	73.06	68.23	2.724	3.32	698	6976	1.682	1.253	2	2	759.3879	0.013241	0.260794	0	0.06	72.57	428630	35.77	1955200	-0.076266	0.266731	-42.247	-42.071	5.349	140.4	743	0.0493	0.119	0.1241	0.1906	7.51	-7.514	2151	1459	1339	0.020164
QC_Shew_12_02_350nl-min_Run-3_19Dec12_Lion_12-11-11	0.002012	0.001207	37.5255	32.6178	52.63	60.92	43.4	45.07	65.32	3.581	3.516	755	7338	1.648	1.218	6	4	786.5902	0.006663	0.373126	0	0.077	57.1	382790	25.819	1486400	-0.067698	0.261552	-34.186	-34.12	7.004	127.6	743	0.0728	0.1262	0.1283	0.2039	7.4	-7.403	2404	1769	1626	0.021525
QC_Shew_12_02_350nl-min_Run-3_20Dec12_Lion_12-11-11	0.002212	0.00177	35.2313	31.4777	50.74	58.97	31.87	42.44	57.41	3.761	3.827	691	6898	1.62	1.19	2	1	777.9064	0.006765	0.383149	0	0.089	62.36	334450	27.659	1336800	-0.067457	0.268524	-37.092	-36.946	7.69	129.8	748	0.0557	0.114	0.1196	0.1961	7.37	-7.367	2177	1678	1561	0.021781
QC_Shew_12_02_350nl-min_Run-4_19Dec12_Lion_12-12-17	0.00139	0.000463	33.1384	32.0776	53.64	59.41	35	57.55	63.5	3.092	3.271	646	6461	1.724	1.267	0	0	719.7612	0.012941	0.256471	0	0.097	75.975	223985	56.471	1607850	-0.047529	0.259988	-29.606	-29.439	6.786	149.5	728	0.0523	0.1237	0.14	0.2077	7.51	-7.514	2084	1524	1396	0.025788
QC_Shew_12_02_350nl-min_Run-4_20Dec12_Lion_12-12-17	0.001891	0.000473	34.5518	30.0708	55.75	63.03	30.37	79.88	66.91	3.159	3.795	672	6724	1.685	1.258	3	3	735.3899	0.00848	0.272562	0	0.096	82.38	262390	32.972	1470400	-0.075301	0.264478	-43.02	-42.989	7.305	142.65	735	0.0416	0.122	0.1245	0.1891	7.42	-7.423	2037	1522	1405	0.025623
QC_Shew_12_02_Col-1_Run-1_17Aug12_Eagle_12-06-09	0	0.005405	5.6019	49.626	35.26	44.59	20.91	28.39	55.51	5.343	16.75	99	987	1.405	1.074	0	0	951.4824	0.020725	0.417098	0	10	22.36	134310	29.669	401439	-0.013773	0.236689	-6.594	-6.169	38.205	95.495	881	0.0008	0.024	0.1803	0.211	7.03	-7.029	547	468	430	0.013953
QC_Shew_12_02_Col-1_Run-1_18Aug12_Eagle_12-06-09	0	0	1.1645	42.0781	35.23	49.84	49.46	21.76	60.4	5.167	4	22	213	1.391	1.102	2	4	894.949	0.027027	0.256757	0	10	16.235	119180	10.838	482720	0.014362	0.219316	3.884	12.953	20.497	87.57	895	0	0.0085	0.0494	0.1039	6.88	-6.878	95	81	77	0
QC_Shew_12_02_Col-1_Run-5_18Aug12_Eagle_12-06-09	0	0.004274	10.3873	22.4312	91.7	108.32	30.07	98.18	112.9	9.405	6.167	156	1559	1.351	1.056	2	3	807.1623	0	0.677419	0	10	28.26	10643	8.137	44125	-0.061661	0.248362	-32.598	-32.36	100	89.08	792	0.008	0.0494	0.0797	0.1297	6.92	-6.915	460	408	391	0.01023
QC_Shew_12_02_Col-2_Run-14_18Aug12_Eagle_12-06-13	0	0	5.932	2.1915	24.26	23.46	21.77	42.32	23.47	6	0	88	880	1.185	1	0	0	936.9679	0	1.4	0	10	13.73	1332	6.651	4.42E+03	-2.49E-02	0.268484	-7.546	-6.183	100	17.135	205	0.0048	0.0029	0.0087	0.0067	6.6	-6.597	23	21	20	0.05
QC_Shew_12_02_Col-2_Run-2_17Aug12_Eagle_12-06-13	0.000627	0.003133	13.9771	57.0218	32.07	41.72	24.08	24.83	52.59	5.628	7.32	248	2475	1.476	1.106	0	0	872.2955	0.033421	0.370273	0	0.381	48.315	94461.5	20.502	365658	-0.032592	0.222091	-16.88	-16.866	35.874	134.5	844	0.0107	0.1591	0.2242	0.2885	7.32	-7.319	1563	1345	1230	0.021138
QC_Shew_12_02_Col-2_Run-2_18Aug12_Eagle_12-06-13	0	0	13.0704	35.1175	32.08	44.26	25.66	25.49	47.53	6.919	11	213	2123	1.327	1.051	0	0	779.4063	0.003096	0.419505	0	1.639	44.01	33728	18.268	133364	-0.102791	0.24453	-54.531	-54.333	77.188	130.8	814	0.0079	0.0465	0.1437	0.2278	7.05	-7.051	897	823	777	0.021879
QC_Shew_12_02_Col-2_Run-2_20Aug12_Eagle_12-06-13	0	0.003922	13.9678	54.6256	32.02	42.76	24.15	26.63	48.65	5.553	6.63	242	2419	1.462	1.099	1	0	860.703	0.032638	0.354488	0	0.509	45.805	75940	17.238	2.84E+05	-0.037846	0.227953	-19.377	-19.253	45.562	128.5	828	0.0074	0.1382	0.2221	0.2945	7.25	-7.252	1492	1291	1187	0.023589
QC_Shew_12_02_Col-2_Run-8_16Aug12_Eagle_12-06-13	0	0.001145	9.8515	44.2572	32.53	32.75	35.96	28.79	26.34	6.547	9.5	175	1752	1.393	1.084	1	0	820.4543	0.003425	0.491438	0	2.867	38.265	76461	33.382	313395	-1.10E-01	0.24557	-54.625	-54.624	30.104	135.4	855	0.0021	0.0298	0.193	0.2301	7	-6.998	860	774	724	0.01105
QC_Shew_12_02_Col-3_Run-11_18Aug12_Eagle_12-01-12	0	0	0	NULL	78.02	103.32	35.24	56.94	155.66	0	0	0	1	6.883	0	16	21	855.1218	0	0	0	10	0	0	0	80176	2.81E-01	0.281212	109.748	109.748	100	0	470	0	0	0	0.001	5.84	-5.842	1	1	1	0
QC_Shew_12_02_Col-3_Run-3_20Aug12_Eagle_12-01-12	0	0	1.1408	16.655	56.09	69.37	27.38	33.32	72.34	34	0	20	203	1.572	1.09	15	15	663.393	0.035714	0.25	0	2.0075	37.95	60409	2.79	453889	-0.102801	0.281328	-81.117	-79.745	21.649	108.8	838	0	0	0	0.0272	6.62	-6.624	36	35	35	0
QC_Shew_12_02_Col-4_Run-12_18Aug12_Eagle_11-10-18	0	0	0	NULL	61.66	61.77	34.73	40.3	43.99	0	0	0	1	2.208	0	23	24	971.4905	0	0	0	9.488	0	0	0	141971	4.52E-01	0.451797	155.18	155.18	100	0	1036	0	0	0	0.0007	6.15	-6.149	1	1	1	0
QC_Shew_12_02_Col-4_Run-4_17Aug12_Eagle_11-10-18	0	0.073298	7.5984	12.7658	72.95	110.68	26.93	26.49	114.52	6.1	2.5	121	1210	1.722	1.156	1	2	1003.368	0.016393	0.54918	0	2.584	12.075	49637.5	25.823	333051	0.000114	0.239573	0.086	0.258	83.534	58.15	946	0	0.0052	0.0186	0.0873	6.85	-6.848	188	92	86	0.011628
QC_Shew_12_02_Col-4_Run-4_18Aug12_Eagle_11-10-18	0	0	0.5612	7.1276	46.09	46.03	20.34	69.23	29.99	4	0	9	92	1.87	1.107	4	3	855.1218	0	0.5	0	10	4.627	109030	1.368	319068	-0.163692	0.270781	-89.194	-59.846	88.908	40.125	800	0	0	0	0.0039	6.19	-6.188	6	5	5	0
QC_Shew_12_02_Run-01_11Sep12_Eagle_12-06-09	0	0	1.9626	29.0431	32.24	39.25	23.86	28.87	41.59	10.5	2	34	340	1.431	1.105	0	0	792.8532	0.021978	0.208791	0	10	25.88	1810.4	32.332	262120	-0.042859	0.221308	-28.883	-28.355	49.296	117.8	861	0.0012	0.0012	0.0018	0.0627	6.8	-6.8	111	101	96	0
QC_Shew_12_02_Run-01_13Dec12_Lion_12-10-03	0.01107	0	17.6573	7.7588	90.33	96.56	40.18	88.39	109.3	3.364	6.286	268	2681	1.472	1.086	3	3	718.8571	0	0.348259	0	10	13.235	6710.1	14.946	3.43E+04	-0.104846	0.274325	-49.165	-48.888	100	57.32	555	0.0205	0.0401	0.0445	0.0926	7.04	-7.04	270	204	200	0.005
QC_Shew_12_02_Run-01_23Aug12_Eagle_12-06-09	0	0	1.9771	20.7374	48.66	81.29	52.36	21.82	149.59	11.6	5	35	350	1.439	1.108	1	0	787.4238	0	0.396552	0	10	10.075	106920	27.045	3.50E+05	0.002444	0.206288	1.732	2.072	21.398	72.545	863	0	0.0073	0.01	0.0563	6.85	-6.846	81	67	66	0
QC_Shew_12_02_Run-01_24Aug12_Eagle_12-06-09	0.001591	0	13.7785	45.4331	39.31	53.94	39.94	24.34	64.37	6.35	9.333	224	2244	1.388	1.105	0	0	823.9115	0.02967	0.351648	0	0.783	37.22	37558	12.012	155252	-0.003076	0.220998	-1.646	-1.468	70.669	129.5	816	0.0164	0.1284	0.1893	0.2515	7.25	-7.251	1230	1110	1033	0.018393
QC_Shew_12_02_Run-01_25Sep12_Eagle_12-06-09	0	0	0	NULL	89.6	85.9	85.03	64.42	94.39	0	0	0	1	0.95	0	0	0	1000.549	0	0	0	9.9075	0	0	0	4752	0.315104	0.315104	157.624	157.624	100	0	345	0.0009	0	0	0	6.6	-6.596	1	1	1	0
QC_Shew_12_02_Run-01_28Aug12_Eagle_12-06-09	0	0	6.6013	9.5436	120.14	151.1	31.72	64.33	151.69	7.909	5.5	100	1001	1.422	1.036	0	0	868.0456	0	0.850746	0	10	11.11	21531	6.879	75044	-0.043087	0.253135	-24.095	-22.675	100	76.19	857	0.0038	0.0206	0.0431	0.0487	6.8	-6.804	124	107	102	0
QC_Shew_12_02_Run-01_30Aug12_Eagle_12-06-09	0	0	1.8902	38.0912	33.2	50.16	24.14	28.83	60.18	4.9	0	32	327	1.561	1.235	0	0	849.4517	0.027778	0.287037	0	10	44.13	1763.55	9.411	273500	-0.021419	0.21766	-9.759	-9.315	39.413	100.65	878	0	0.0006	0.0019	0.0868	6.74	-6.74	142	126	119	0
QC_Shew_12_02_Run-01_4Sep12_Eagle_12-06-09	0	0	1.5392	25.3378	29.32	29.39	23.9	32.3	25.04	5.875	2.667	27	268	1.612	1.086	0	0	688.3753	0.035088	0.298246	0	7.0295	25.95	3451.3	142.314	293942	0.009606	0.228942	7.308	9.545	43.952	104.9	803	0.0011	0.0027	0.0016	0.0361	6.77	-6.772	76	62	59	0
QC_Shew_12_02_Run-01_6Dec12_Lion_12-10-03	0.000609	0	19.7992	41.4158	48.89	53.84	35.37	38.86	51.47	4.958	6.455	488	3818	1.59	1.178	4	2	798.4023	0.00495	0.349835	0	0.105	45.69	261915	16.096	1712650	-0.020502	0.271676	-10.47	-10.335	5.709	129.4	804	0.1002	0.1511	0.1642	0.2158	7.55	-7.55	1616	1363	1294	0.017002
QC_Shew_12_02_Run-02_12Dec12_Lion_12-10-04	0.002116	0.002116	22.5466	31.4016	65.17	73.91	50.96	44.13	65.92	4.243	3.19	450	4449	1.628	1.196	6	8	796.4801	0.011572	0.355834	0	0.065	50.98	581140	20.468	2004500	-0.053101	0.265623	-25.631	-25.342	5.551	118.2	756	0.0935	0.1173	0.1299	0.184	7.47	-7.466	1395	1104	1029	0.015549
QC_Shew_12_02_Run-02_23Aug12_Eagle_12-06-13	0.004532	0.012085	13.724	48.1638	35.72	43.44	27.7	31.97	61.3	5.591	4.4	232	2326	1.498	1.134	0	0	881.9376	0.030366	0.356021	0	1.657	31.06	87322	57.286	2.55E+05	0.011669	0.216149	5.73	6.568	50.831	103.2	845	0.0217	0.0756	0.2181	0.2584	7.19	-7.192	1301	977	901	0.021088
QC_Shew_12_02_Run-02_24Aug12_Eagle_12-06-13	0.000608	0.004863	15.8912	51.6009	33.36	47.11	22.31	24.08	51.14	5.94	5.412	273	2735	1.472	1.094	0	0	850.3865	0.042142	0.402107	0	0.43	41.68	68266	13.331	2.58E+05	-0.02197	0.217666	-10.457	-10.349	46.83	126.8	845	0.0293	0.1926	0.2346	0.2604	7.36	-7.355	1599	1402	1291	0.026336
QC_Shew_12_02_Run-02_28Aug12_Eagle_12-06-13	0.001359	0.001359	15.3193	24.0873	62.53	82.66	35.6	24.22	78.59	7.077	9.75	240	2403	1.544	1.101	0	0	747.3651	0.002008	0.475904	0	7.096	39.62	21246	13.36	102091	-0.09532	0.238867	-53.968	-53.891	98.323	129.2	823	0.0248	0.1002	0.1202	0.1513	7.07	-7.073	728	663	631	0.011094
QC_Shew_12_02_Run-02_4Sep12_Eagle_12-06-13	0	0.002327	15.6298	41.2033	39.88	51.68	39.98	26.24	57.96	6.46	5.957	270	2703	1.48	1.138	0	0	842.0917	0.030534	0.375136	0	0.3935	39.94	74369	11.929	276847	-0.035271	0.230639	-17.78	-17.705	43.427	115.3	846	0.0046	0.1277	0.1943	0.2152	7.22	-7.224	1269	1128	1040	0.015385
QC_Shew_12_02_Run-02_5Sep12_Eagle_12-06-13	NULL	NULL	0	NULL	10.01	12.07	3.49	13.37	12.33	0	0	0	0	0	0	11	20	0	0	0	0	10	0	0	0	0	0	0	0	0	0	0	0	0	0	0	0	4.96	-4.959	0	0	0	0
QC_Shew_12_02_Run-02_6Dec12_Lion_12-10-04	0.054393	0	19.0271	12.561	70.47	59.57	80.58	81.65	36.37	3.371	5	391	3220	1.555	1.155	7	4	811.4252	0	0.414201	0	2.136	9.884	10834	72.047	228916	0.006275	0.262532	3.009	3.384	47.297	59.915	812	0.0144	0.063	0.0635	0.0875	6.99	-6.989	474	203	192	0.005208
QC_Shew_12_02_Run-02a_25Sep12_Eagle_12-06-13	0	0	1.3054	2.2981	48.77	40.24	46.11	80.79	35.45	0	0	19	199	1.267	1.208	0	0	892.469	0	0	0	10	10.18	829.402	1.287	5632	-0.165918	0.220476	-50.496	-18.481	100	29.16	242	0	0	0	0.0023	6.66	-6.661	2	2	2	0.5
QC_Shew_12_02_Run-03_10Dec12_Lion_12-10-03	0.000548	0.002193	20.1783	45.098	50.74	60.65	29.66	38.72	63.22	5.111	6.081	403	3980	1.611	1.16	6	3	823.1843	0.006051	0.373676	0	0.571	47.01	348020	22.438	1496850	-0.073212	0.251441	-39.382	-39.313	6.36	126.55	837	0.1114	0.1724	0.1863	0.228	7.64	-7.642	1788	1499	1405	0.022064
QC_Shew_12_02_Run-03_11Sep12_Eagle_12-01-12	NULL	NULL	0	NULL	25.68	29.42	14.8	27.09	17.27	0	0	0	0	0	0	24	22	0	0	0	0	10	0	0	0	0	0	0	0	0	0	0	0	0	0	0	0	6.25	-6.246	0	0	0	0
QC_Shew_12_02_Run-03_24Aug12_Eagle_12-06-09	0	0	15.4276	40.5766	35.28	49.79	24.53	26.53	56.83	5.884	7	271	2715	1.417	1.098	0	0	798.7481	0.020134	0.384787	0	0.5135	50.83	68764	15.072	2.77E+05	-0.051364	0.227459	-27.761	-27.633	37.745	130.65	848	0.0212	0.1394	0.1752	0.2172	7.27	-7.267	1226	1088	1015	0.02266
QC_Shew_12_02_Run-03_4Sep12_Eagle_12-01-12	0	0.000766	12.9137	50.4116	39.47	56.63	32.76	26.29	66.52	6.138	5.8	224	2242	1.448	1.109	0	0	872.2817	0.023887	0.394137	0	0.4	35.94	92403	15.133	305401	-0.030201	0.230153	-15.087	-15.01	41.272	114	855	0.01	0.0993	0.213	0.2435	7.18	-7.179	1284	1141	1056	0.014205
QC_Shew_12_02_Run-03_5Dec12_Lion_12-10-03	0.049438	0.004494	11.7101	18.8726	52.94	86	24.29	31.53	62.63	4.364	2.75	397	1695	1.711	1.1	59	58	832.4179	0	0.449511	0	10	3.164	5.65415	90.001	65405	-0.021698	0.255109	-12.287	-11.121	100	51.67	645	0.0163	0.0661	0.1087	0.2072	7.14	-7.141	437	217	204	0.004902
QC_Shew_12_02_Run-03_5Sep12_Eagle_12-06-09	NULL	NULL	0	NULL	35.34	30.86	40.85	45.17	63.76	0	0	0	0	0	0	6	17	0	0	0	0	10	0	0	0	0	0	0	0	0	0	0	0	0	0	0	0	5.92	-5.917	0	0	0	0
QC_Shew_12_02_Run-03_7Dec12_Lion_12-10-03	0.000658	0.000658	19.8582	38.1706	48.37	55.73	38.08	40.51	56.23	4.995	5.132	398	3911	1.598	1.154	5	7	798.1506	0.007188	0.357592	0	0.069	54.465	416015	22.001	1916000	-0.085678	0.264342	-45.172	-44.987	5.197	125.5	818	0.0998	0.1267	0.1562	0.1984	7.53	-7.527	1488	1265	1191	0.020991
QC_Shew_12_02_Run-03_8Dec12_Lion_12-10-03	0.000584	0.003503	19.7603	43.3698	52.87	59.83	32.3	47.99	60.07	4.323	5.341	395	3890	1.653	1.189	4	4	826.9701	0.007235	0.369775	0	10	37.41	220560	28.131	1.39E+06	-0.046446	0.261305	-25.376	-25.311	6.928	122.65	835	0.1176	0.1617	0.1775	0.2366	7.66	-7.661	1683	1389	1289	0.017843
QC_Shew_12_02_Run-04_12Dec12_Lion_12-10-04	0.003369	0.004717	23.1543	31.5708	66.35	79.29	50.06	39.73	79.74	3.601	4.953	460	4568	1.672	1.201	12	10	786.399	0.008227	0.348263	0	0.061	48.75	588525	17.172	1993800	-0.058554	0.253369	-32.647	-32.647	5.229	118	760	0.0891	0.1253	0.1452	0.18	7.47	-7.471	1443	1128	1038	0.014451
QC_Shew_12_02_Run-04_13Dec12_Lion_12-10-04	0	0.000755	21.262	30.7121	58.71	63.57	22.1	61.37	62.38	3.718	3.232	416	4128	1.753	1.251	76	75	740.3755	0.013346	0.248808	0	10	61.88	269540	19.038	1.92E+06	-0.065175	0.262875	-42.262	-42.203	5.399	140.4	752	0.1043	0.1295	0.1382	0.1946	7.67	-7.666	1285	988	915	0.019672
QC_Shew_12_02_Run-04_30Aug12_Eagle_11-10-18	0.000558	0.001673	16.3763	54.53	34.83	49.67	31.57	24.84	55.86	5.099	5.575	285	2853	1.445	1.098	0	0	864.9512	0.040031	0.340262	0	0.329	45.485	88827.5	11.81	313514	-0.009601	0.222365	-4.407	-4.336	38.383	125	843	0.0122	0.1878	0.2615	0.2891	7.35	-7.349	1750	1499	1385	0.020939
QC_Shew_12_02_Run-04_4Sep12_Eagle_11-10-18	0	0.000801	15.9223	39.2531	48.32	66.89	43.99	31.23	71.84	5.168	5.962	276	2769	1.488	1.139	0	0	845.4859	0.019629	0.342421	0	0.324	33.94	92859	10.623	303059	-0.011511	0.222462	-5.96	-5.454	39.565	99.2	868	0.0076	0.1296	0.1822	0.2102	7.15	-7.154	1229	1052	975	0.018462
QC_Shew_12_02_Run-04_5Dec12_Lion_12-10-04	0.051587	0.011905	16.4279	7.609	48.87	63.56	17.77	33.47	68.46	6	1.222	1916	1622	1.81	1.103	38	43	839.5579	0	0.909091	0	10	0	0	66.528	44961	-0.042735	0.255765	-19.133	-18.083	100	40.49	553	0.0062	0.0133	0.0595	0.1402	6.96	-6.964	245	108	99	0.020202
QC_Shew_12_02_Run-04_6Dec12_Lion_12-10-04	0.041667	0	22.6982	7.9742	56.14	59.77	42.46	87.77	73.33	5	3.286	408	4018	1.546	1.163	7	8	810.7706	0	0.411765	0	3.833	12.27	9116.75	209.211	384343	-0.018199	0.261139	-14.083	-13.767	32.653	65.38	748	0.0102	0.0369	0.0373	0.0751	6.96	-6.962	357	176	163	0.006135
QC_Shew_12_02_Run-04_7Dec12_Lion_12-10-04	0.003836	0.001279	20.1316	38.8444	48.31	54.83	34.32	39.3	59.82	4.934	5.351	416	3947	1.59	1.149	4	5	796.1763	0.006987	0.358952	0	0.075	51.09	380420	23.356	1757050	-0.076904	0.272411	-42.365	-42.363	5.538	126.6	820	0.1001	0.133	0.1625	0.2102	7.54	-7.538	1534	1284	1205	0.021577
QC_Shew_12_02_Run-04_8Dec12_Lion_12-10-04	0.001151	0.003454	19.7885	43.8133	54.31	58.78	36.01	53.26	58.61	5.713	4.643	406	3901	1.589	1.167	6	6	825.7903	0.004695	0.35446	0	10	39.71	307195	20.027	1.61E+06	-0.076686	0.262366	-38.458	-38.344	6.149	120.25	839	0.1293	0.1738	0.1837	0.2278	7.69	-7.693	1702	1425	1344	0.020833
QC_Shew_12_02_Run-04a_25Sep12_Eagle_11-10-18	NULL	NULL	0	NULL	48.05	44.92	29.35	100.94	45.59	0	0	0	0	0	0	0	0	0	0	0	0	10	0	0	0	0	0	0	0	0	0	0	0	0	0	0	0	6.72	-6.721	0	0	0	0
QC_Shew_12_02_Run-05_11Sep12_Eagle_12-06-09	0.000845	0.002534	13.6859	43.2562	38.75	53.99	30.49	27.63	62.21	5.876	8.563	234	2333	1.407	1.105	0	0	869.9849	0.027714	0.339492	0	0.443	37.71	70316	10.71	250614	-0.003941	0.228716	-2.377	-2.258	45.017	111.35	855	0.0028	0.1025	0.2248	0.2156	7.13	-7.127	1160	1021	949	0.020021
QC_Shew_12_02_Run-05_12Dec12_Lion_12-10-03	0.000696	0.004875	22.3258	31.6226	66.29	76.61	47.67	46.94	80.6	3.959	4.239	452	4395	1.635	1.184	7	7	802.4073	0.010427	0.350711	0	0.065	48.25	572500	16.388	2010950	-0.059585	0.258773	-31.427	-31.081	5.275	115.6	763	0.0749	0.1346	0.1261	0.1844	7.47	-7.469	1395	1098	1024	0.013672
QC_Shew_12_02_Run-05_23Aug12_Eagle_12-06-09	0.011765	0.035294	18.2291	2.3589	91.57	78.32	82.01	97.43	87.64	17	0.333	271	2712	1.796	1.428	0	1	649.8386	0	0.103896	0	10	29.895	55.0895	4.931	2.18E+04	0.030459	0.178133	24.166	25.662	100	72.59	452	0.0007	0.0074	0.0242	0.0248	6.78	-6.777	84	30	29	0.034483
QC_Shew_12_02_Run-05_24Sep12_Eagle_12-06-09	0	0	8.3437	2.5169	68.71	67.05	44.14	64.08	68.32	38	0	121	1208	1.307	1.012	0	0	674.8772	0	0.212121	0	9.043	25.2	2521	4.52	9273	-0.008754	0.211035	-5.302	3.884	100	46.415	398	0.0086	0.0103	0.012	0.0034	6.52	-6.518	40	39	39	0
QC_Shew_12_02_Run-05_25Sep12_Eagle_12-06-09	0	0	0	NULL	62.7	54.28	59.14	77.56	56.8	0	0	0	1	1.112	0	0	0	1000.549	0	0	0	10	0	0	0	2647	0.361814	0.361814	180.99	180.99	100	0	249	0	0.0008	0	0	6.65	-6.654	1	1	1	0
QC_Shew_12_02_Run-05_28Aug12_Eagle_12-06-09	0	0	13.0726	2.3714	71.89	72.88	41.32	99.25	69.88	4.444	9	196	1959	1.186	1.004	0	0	876.1037	0	1.44	0	10	15.185	1533.3	5.992	6801	-0.004331	0.273126	-2.44	2.736	100	26.52	356	0.0043	0.0061	0.0134	0.0134	6.81	-6.805	61	54	50	0
QC_Shew_12_02_Run-05_5Dec12_Lion_12-10-03	0.031662	0	14.7638	12.7338	54.77	73.39	23.29	56.97	92.69	6	1.643	1252	1725	1.742	1.1	50	44	853.1	0	0.446565	0	10	0	0	103.597	64301	0.048994	0.251102	23.736	25.28	100	49.975	653	0.0132	0.0488	0.1127	0.1765	7.08	-7.077	368	197	187	0.016043
QC_Shew_12_02_Run-05_5Sep12_Eagle_12-06-09	0.001534	0.003067	12.8487	25.2944	85.94	97.93	73.16	29.06	100.82	7.778	9	206	2061	1.428	1.114	1	1	778.7266	0.004357	0.416122	0	10	27.99	41890	13.367	172504	-0.062819	0.234032	-35.911	-35.624	60.392	125.3	855	0.0176	0.0917	0.1379	0.1469	7.06	-7.063	640	579	554	0.016245
QC_Shew_12_02_Run-05_6Sep12_Eagle_12-06-09	NULL	NULL	0	NULL	22.75	29.69	6.15	20.51	13.79	0	0	0	0	0	0	10	3	0	0	0	0	10	0	0	0	0	0	0	0	0	0	0	0	0	0	0	0	5.54	-5.545	0	0	0	0
QC_Shew_12_02_Run-05_7Dec12_Lion_12-10-03	0.001286	0.002572	19.7003	39.441	50.02	57.85	37.45	38.85	58.47	4.806	5.289	388	3886	1.607	1.185	9	8	801.1342	0.005199	0.342288	0	0.07	54.395	415405	19.136	1840400	-0.043168	0.262555	-22.015	-21.833	5.4	129.95	823	0.0924	0.1379	0.1548	0.2121	7.49	-7.49	1519	1269	1195	0.020921
QC_Shew_12_02_Run-06_11Sep12_Eagle_12-06-13	0	0.002694	16.4565	45.0886	56.34	66.26	59.38	26.27	69.96	5.484	9.1	283	2831	1.496	1.131	0	0	823.7637	0.029385	0.334252	0	10	49.68	65593	11.672	249567	-0.015091	0.229162	-9.014	-8.86	44.868	125.5	816	0.0527	0.1994	0.2067	0.2203	7.35	-7.35	1457	1281	1189	0.018503
QC_Shew_12_02_Run-06_21Sep12_Eagle_12-06-13	0.001271	0	15.5728	25.3005	49.29	69.94	33.11	24.89	72.92	7.57	11.286	237	2371	1.475	1.114	0	0	741.9173	0.001773	0.393617	0	4.437	56.61	13739	19.826	70937	-0.029766	0.216916	-17.414	-17.31	100	141.6	715	0.0232	0.1132	0.138	0.1595	7.08	-7.084	772	690	672	0.019345
QC_Shew_12_02_Run-06_23Aug12_Eagle_12-06-13	0	0	0.5184	5.787	92.98	100.03	83.53	37.55	118.8	0	0	7	80	1.818	1	7	6	868.0456	0	2	0	10	7.739	23477	1.01	7.85E+04	-0.153488	0.160234	-74.757	-41.577	100	74.34	1001	0	0.0061	0	0	6.67	-6.671	3	3	3	0
QC_Shew_12_02_Run-06_24Sep12_Eagle_12-06-13	0	0	9.7503	3.7948	55.06	53.93	35.78	56.44	50.66	10.8	1.667	143	1432	1.166	1.039	0	0	654.8471	0	0.237288	0	10	30.89	1698.9	6.883	7413	-0.061506	0.237687	-44.067	-40.507	100	45.295	380	0.0064	0.0129	0.0238	0.0039	6.77	-6.77	73	64	62	0
QC_Shew_12_02_Run-06_28Aug12_Eagle_12-06-13	0	0.001217	15.6029	26.3413	49.42	75	35.03	24.22	83.38	6.955	12.714	243	2435	1.448	1.115	0	0	742.0291	0	0.478417	0	10	39.665	16574	18.596	90256	-0.106444	0.250356	-57.814	-56.069	100	142.2	820	0.0167	0.1045	0.1479	0.1594	7.11	-7.108	808	741	704	0.015625
QC_Shew_12_02_Run-06_30Aug12_Eagle_12-06-13	0.002548	0.005096	8.7267	44.9196	53.47	68.35	28.97	20.49	69.54	7.986	7	154	1543	1.527	1.153	2	1	891.8055	0.01938	0.501938	0	10	66.33	65020.5	15.327	369832	-0.023896	0.229178	-11.059	-11.021	33.258	103.95	878	0.001	0.0277	0.1685	0.1972	6.99	-6.99	763	674	629	0.030207
QC_Shew_12_02_Run-06_4Sep12_Eagle_12-06-13	0	0.003701	16.2238	41.5439	37.12	46.3	34.81	25.68	51.16	5.566	5.483	287	2863	1.557	1.127	0	0	827.9526	0.031283	0.377477	0	0.331	49.945	88171.5	12.694	347711	-0.031916	0.223201	-16.768	-16.752	34.219	119	842	0.0075	0.1535	0.1844	0.2188	7.24	-7.235	1317	1143	1056	0.027462
QC_Shew_12_02_Run-06_6Dec12_Lion_12-10-04	0.045213	0	22.1873	8.5184	44.15	44.98	26.31	83.41	45.35	5.381	2.333	389	3829	1.575	1.184	12	12	775.6587	0	0.613734	0	3.51	12.47	12565.5	152.424	300222	-0.040457	0.258424	-23.138	-23.105	36.23	67.88	796	0.0102	0.0379	0.0411	0.0846	6.95	-6.951	375	169	163	0.006135
QC_Shew_12_02_Run-06_7Dec12_Lion_12-10-04	0.000668	0	19.9894	37.3698	46.93	55.37	37.55	37.47	52.61	4.528	8.48	444	3907	1.523	1.131	9	7	798.7352	0.004596	0.371324	0	0.076	52.115	404240	20.338	1871600	-0.065556	0.269385	-37.926	-37.409	5.256	130.3	808	0.0992	0.1339	0.1522	0.1971	7.51	-7.509	1467	1261	1184	0.017736
QC_Shew_12_02_Run-06a_25Sep12_Eagle_12-06-13	0	0	0	NULL	56.99	52.27	47.21	75.16	57.13	0	0	0	1	1.64	0	0	0	736.1142	0	0	0	10	0	0	0	5671	-0.085958	0.085958	-38.977	-38.977	100	0	241	0	0	0	0.0007	6.68	-6.682	1	1	1	0
QC_Shew_12_02_Run-07_11Sep12_Eagle_12-01-12	NULL	NULL	0	NULL	32.69	33.2	11.38	64.35	33.35	0	0	0	0	0	0	0	1	0	0	0	0	10	0	0	0	0	0	0	0	0	0	0	0	0	0	0	0	5.4	-5.402	0	0	0	0
QC_Shew_12_02_Run-07_12Dec12_Lion_12-10-03	NULL	NULL	0	NULL	4.18	4.58	3.2	4.26	2.69	0	0	0	0	0	0	71	123	0	0	0	0	10	0	0	0	0.00E+00	0	0	0	0	0	0	0	0	0	0	0	6.54	-6.544	0	0	0	0
QC_Shew_12_02_Run-07_13Dec12_Lion_12-10-03	0	0.000922	17.3736	30.8514	79.37	87.41	57.41	68.12	87.91	3.187	4.882	340	3362	1.731	1.261	40	39	736.415	0.014925	0.230769	0	10	54.21	60.721	11.977	2184200	-0.060166	0.274035	-35.084	-34.918	5	134	755	0.126	0.1199	0.1474	0.1952	7.76	-7.755	1058	794	742	0.014825
QC_Shew_12_02_Run-07_5Dec12_Lion_12-10-03	0.011111	0	19.3875	9.3359	51.5	61.39	29.43	40.31	60.66	4.2	2.308	2848	1639	1.742	1.157	50	52	847.9936	0	0.572052	0	10	0	0	73.835	69296	-0.055425	0.255147	-25.534	-25.288	100	48.13	672	0.0135	0.0377	0.0889	0.2066	7.06	-7.061	352	199	184	0.016304
QC_Shew_12_02_Run-07_5Sep12_Eagle_12-06-09	NULL	NULL	0	NULL	19.23	19.94	12.53	75.77	26.45	0	0	0	0	0	0	40	26	0	0	0	0	10	0	0	0	0	0	0	0	0	0	0	0	0	0	0	0	5.93	-5.933	0	0	0	0
QC_Shew_12_02_Run-07_6Dec12_Lion_12-10-03	0.025397	0	17.0959	18.4255	52.06	69.3	28.6	44.92	76.75	4.704	3.6	335	3303	1.506	1.164	15	12	873.6221	0	0.43508	0	1.002	18.11	61993.5	92.44	926332	-0.026281	0.242236	-14.975	-14.427	10.826	81.625	832	0.0104	0.0433	0.0757	0.1323	7.03	-7.031	622	368	350	0.011429
QC_Shew_12_02_Run-07_7Dec12_Lion_12-10-03	0	0.000653	19.7271	38.6778	46.1	52.89	30.97	38.64	50.95	5.304	7.074	444	3849	1.511	1.123	11	7	802.9099	0.007813	0.321181	0	0.086	48.49	364095	20.595	1701700	-0.07114	0.264003	-39.781	-39.297	5.614	128.95	818	0.0991	0.1399	0.1492	0.2044	7.51	-7.506	1504	1298	1223	0.017171
QC_Shew_12_02_Run-08_12Dec12_Lion_12-10-04	0	0.005162	20.9716	31.948	67.93	77.95	59.29	40.85	82.51	4	4.5	429	4126	1.66	1.23	18	17	805.6267	0.013052	0.348394	0	0.2405	43.56	590270	12.079	2.18E+06	-0.049355	0.258559	-25.392	-25.355	4.854	111.5	779	0.0813	0.1124	0.1427	0.1912	7.42	-7.421	1322	1021	956	0.014644
QC_Shew_12_02_Run-08_13Dec12_Lion_12-10-04	0	0	17.8187	28.79	78.49	83.63	55.78	67.33	82.55	3.55	4.027	352	3419	1.783	1.258	51	49	727.0394	0.016706	0.225537	0	10	65.99	424530	13.946	2104500	-0.051936	0.26127	-33.306	-33.278	4.946	146.35	752	0.1196	0.1201	0.1441	0.1883	7.74	-7.737	1012	766	721	0.016644
QC_Shew_12_02_Run-08_28Aug12_Eagle_12-06-13	0.001145	0	15.4442	28.2954	55.66	78.37	38.22	27.02	78.67	7.655	7.909	238	2383	1.443	1.096	0	0	751.8978	0.001764	0.537919	0	10	39.54	15856	17.178	83814	-0.100628	0.249938	-55.325	-55.307	100	138.25	818	0.0199	0.1251	0.1502	0.1616	7.14	-7.144	858	786	749	0.018692
QC_Shew_12_02_Run-08_4Sep12_Eagle_11-10-18	0.00086	0.004299	15.6659	37.0869	44.12	56.46	43.82	31.9	62.99	5.321	6.667	273	2730	1.552	1.171	0	0	832.9079	0.022892	0.378313	0	0.336	36.62	89786	12.836	325896	-0.019161	0.225815	-9.388	-9.207	37.023	107.15	850	0.0119	0.1215	0.1679	0.1927	7.16	-7.161	1135	966	896	0.024554
QC_Shew_12_02_Run-08_6Sep12_Eagle_11-10-18	0	0.002078	16.4537	43.6984	49.47	65.16	53.54	27.32	71.55	5.987	5.3	273	2723	1.478	1.148	0	0	860.9807	0.017561	0.39122	0	0.473	37.89	61862	13.932	208841	0.001828	0.220237	0.723	0.758	56.061	106.3	845	0.0382	0.21	0.2133	0.1994	7.3	-7.296	1408	1224	1130	0.022124
QC_Shew_12_02_Run-08_8Dec12_Lion_12-10-04	0.001821	0.007286	19.0364	43.1279	55.42	61.7	28.31	47.76	59.28	4.844	7.033	378	3758	1.62	1.189	9	11	828.0599	0.007341	0.336052	0	10	40.93	336145	18.439	1518900	-0.072546	0.256668	-41.11	-40.597	6.396	122	838	0.1164	0.1745	0.1741	0.2217	7.63	-7.626	1615	1339	1265	0.016601
QC_Shew_12_02_Run-09_11Dec12_Lion_12-10-03	0.010438	0.012526	23.443	10.1096	45.91	44.44	78.91	26.53	77.26	3.269	2.6	393	3926	1.953	1.258	8	11	805.3779	0.005814	0.386628	0	10	16.625	19927.5	179.875	1782700	-0.046001	0.255619	-28.338	-26.263	7.598	85.22	788	0.006	0.0435	0.061	0.1259	7.05	-7.048	468	282	266	0.003759
QC_Shew_12_02_Run-09_23Aug12_Eagle_12-06-09	0	0.006659	9.3357	47.9878	35.78	37.28	29.5	32.14	43.82	5.67	4.762	163	1629	1.505	1.129	1	0	888.4805	0.024272	0.433657	0	1.993	26.5	101410	28.858	3.21E+05	-0.018616	0.229611	-10.192	-9.928	37.267	90.8	880	0.0023	0.0202	0.1811	0.2158	6.99	-6.994	879	745	684	0.020468
QC_Shew_12_02_Run-09_24Aug12_Eagle_12-06-09	0	0	15.5075	39.7872	33.52	45.29	23.72	27.41	54.53	6.217	6	276	2764	1.506	1.119	0	0	784.8775	0.018328	0.403207	0	0.4855	56.15	75084	18.46	328501	-0.077296	0.237188	-42.468	-42.21	31.151	137.55	842	0.0211	0.124	0.1855	0.2113	7.22	-7.22	1201	1067	998	0.027054
QC_Shew_12_02_Run-09_28Aug12_Eagle_12-06-09	0	0	15.7948	25.1349	57.99	78.88	34.42	31.46	87.34	8.013	9.5	243	2433	1.435	1.093	0	0	741.3645	0	0.468519	0	10	36.12	15328.5	15.407	79336	-0.107766	0.252216	-63.164	-63.056	100	129.45	827	0.0277	0.0939	0.1435	0.1476	7.09	-7.092	779	715	683	0.01757
QC_Shew_12_02_Run-09_5Dec12_Lion_12-10-03	0.020888	0	19.1842	9.9561	46.61	55.64	18.27	56.32	43.46	4.419	2.583	2775	1642	2.007	1.179	45	49	850.9817	0	0.507874	0	10	0	0	92.062	108586	-0.006186	0.25655	-4.589	-3.144	100	52.82	671	0.011	0.0591	0.0981	0.212	7.11	-7.112	373	213	196	0.020408
QC_Shew_12_02_Run-09_5Sep12_Eagle_12-06-09	0	0.001048	13.1712	36.2154	58.72	77.42	38.98	23.32	79.15	6.929	8.909	220	2200	1.483	1.103	1	1	825.7903	0.014815	0.398519	0	10	32.805	58252	11.828	241970	-0.030281	0.220414	-14.687	-14.656	46.287	127.1	851	0.0082	0.1327	0.1875	0.1929	7.17	-7.167	935	825	782	0.017903
QC_Shew_12_02_Run-09_6Dec12_Lion_12-10-03	0.042722	0	18.4105	17.2184	59.32	83.35	35.7	44.92	93.9	3.754	2.708	357	3565	1.606	1.222	7	7	854.6013	0.002336	0.474299	0	1.034	17.09	74949	99.354	1039000	-0.054635	0.24057	-28.054	-27.944	9.842	76.185	831	0.0122	0.0529	0.0734	0.1372	7.03	-7.032	622	380	352	0.017045
QC_Shew_12_02_Run-09_6Sep12_Eagle_12-06-09	NULL	NULL	0	NULL	31.12	19.72	10.78	40.15	33.75	0	0	0	0	0	0	10	7	0	0	0	0	10	0	0	0	0	0	0	0	0	0	0	0	0	0	0	0	5.7	-5.7	0	0	0	0
QC_Shew_12_02_Run-10_13Dec12_Lion_12-10-04	0	0	11.6007	31.9808	89.6	102.47	49.27	56.57	111.2	3.529	3.355	227	2216	1.66	1.217	41	42	757.8887	0.011905	0.272109	0	10	50.65	54.79	11.804	1938900	-0.060822	0.26433	-37.703	-37.34	5.126	140.95	778	0.1201	0.1251	0.155	0.2158	7.55	-7.549	726	548	505	0.029703
QC_Shew_12_02_Run-10_21Sep12_Eagle_12-06-13	0.001149	0	15.6017	27.8816	48.61	66.82	33.14	27.06	72.66	6.768	19	237	2374	1.542	1.138	0	0	753.728	0.001565	0.359937	0	5.4785	53.97	13122	16.513	70822	-0.001422	0.211204	-1.034	-0.962	100	139.95	694	0.0188	0.1291	0.1567	0.1748	7.11	-7.112	853	755	733	0.0191
QC_Shew_12_02_Run-10_22Aug12_Eagle_12-06-13	0	0	2.3748	2.9476	53.62	52.96	27.56	80.69	49.63	3.5	0	36	358	1.015	0.871	0	1	960.3202	0	0.833333	0	10	13.29	880.2745	2.476	3104	-0.018186	0.168956	-9.014	0.111	100	12.925	191	0	0.0017	0.0075	0	6.69	-6.686	11	10	9	0
QC_Shew_12_02_Run-10_24Aug12_Eagle_12-06-13	0	0.0008	15.9275	39.1147	33.02	42.37	23.75	28.55	51.59	6.836	5.333	283	2836	1.507	1.139	1	0	786.9152	0.018519	0.428241	0	0.488	60.05	73152	21.448	330905	-0.088365	0.236483	-48.577	-48.482	31.665	145.7	850	0.0252	0.1473	0.1699	0.2083	7.24	-7.242	1224	1088	1015	0.019704
QC_Shew_12_02_Run-10_4Sep12_Eagle_12-06-13	0	0.000798	15.5583	40.1715	36.53	45.74	35.09	24.73	51.44	6.74	5.522	274	2738	1.527	1.142	1	0	833.393	0.019274	0.401361	0	0.344	47.52	86553	11.597	340609	-0.013203	0.216685	-7.649	-7.63	33.535	122.6	844	0.008	0.1373	0.1785	0.2016	7.19	-7.195	1225	1057	997	0.023069
QC_Shew_12_02_Run-10_5Sep12_Eagle_12-06-13	NULL	NULL	0	NULL	51.99	64.8	26.63	5.86	49.4	0	0	0	0	0	0	29	22	0	0	0	0	10	0	0	0	0	0	0	0	0	0	0	0	0	0	0	0	6.29	-6.29	0	0	0	0
QC_Shew_12_02_Run-10_6Sep12_Eagle_12-06-13	0.000538	0.005382	16.3142	56.6991	47.72	56.26	35.93	27.89	57.42	5.004	6.105	275	2751	1.534	1.131	1	0	865.0959	0.044289	0.399378	0	2.86	51.77	61965	15.941	240048	0.009609	0.218145	4.801	4.9	52.067	125.5	817	0.0661	0.2686	0.2857	0.2335	7.57	-7.574	1812	1577	1423	0.020379
QC_Shew_12_02_Run-10_7Dec12_Lion_12-10-04	0	0	19.6312	38.6629	47.96	56.84	36.38	38.8	54.23	4.969	5.417	399	3856	1.551	1.137	9	6	795.0716	0.0062	0.341895	0	0.082	55.22	389980	20.381	1.73E+06	-0.07313	0.264368	-41.163	-40.948	5.593	129.5	813	0.0965	0.1322	0.1632	0.1961	7.54	-7.541	1490	1260	1187	0.021061
QC_Shew_12_02_Run-10a_25Sep12_Eagle_12-06-13	0	0	2.5305	1.1855	56.83	55.15	37.7	74.68	56.22	0	0	38	377	1.312	0.927	0	0	1000.549	0	0.5	0	10	11.07	1202.2	1.117	3838	-0.321541	0.2972	-160.844	-38.695	100	8.24	256	0	0.0007	0.0014	0	6.69	-6.692	3	3	3	0
QC_Shew_12_02_Run-11_12Dec12_Lion_12-10-03	NULL	NULL	NULL	NULL	NULL	NULL	NULL	NULL	NULL	NULL	NULL	NULL	NULL	NULL	NULL	NULL	NULL	NULL	NULL	NULL	NULL	NULL	NULL	NULL	NULL	NULL	NULL	NULL	NULL	NULL	NULL	NULL	NULL	NULL	NULL	NULL	NULL	NULL	NULL	NULL	NULL	NULL	NULL
QC_Shew_12_02_Run-11_21Sep12_Eagle_12-01-12	0	0	7.3724	2.9841	35.17	32.42	26.99	73.2	33.05	12	0	111	1104	1.214	1.046	0	0	727.5251	0	0.826087	0	10	73.04	1287.25	7.65	10569	-0.04801	0.237624	-25.004	-22.877	100	27.88	445	0.0006	0.0012	0.0061	0.0176	6.78	-6.783	42	42	39	0
QC_Shew_12_02_Run-11_22Aug12_Eagle_12-06-09	0	0	5.5367	2.1674	76.66	72.83	38.92	110.66	78.12	2.75	4	83	832	1.184	1.067	4	4	947.4888	0	1.444444	0	10	12.6	1009.2	5.56	3.67E+03	0.032918	0.221258	15.306	18.809	100	20.925	224	0	0.003	0.0098	0.0038	6.74	-6.743	21	20	15	0.066667
QC_Shew_12_02_Run-11_23Aug12_Eagle_12-06-09	0	0.002545	9.0928	43.221	33.49	36.35	21.59	27.46	47.06	6.973	6.727	159	1595	1.494	1.141	1	0	904.6708	0.017078	0.474383	0	2.196	25.49	100920	32.932	3.19E+05	-0.044396	0.230715	-21.747	-21.675	36.857	95.43	899	0.0028	0.0169	0.1423	0.2057	6.96	-6.962	769	640	601	0.019967
QC_Shew_12_02_Run-11_24Aug12_Eagle_12-06-09	0	0	15.5012	37.61	34.54	47.09	24.65	25.9	56.51	5.849	8.688	277	2766	1.539	1.131	0	0	782.4099	0.016867	0.391566	0	0.466	57.23	75234.5	18.786	344538	-0.072486	0.237503	-42.862	-42.76	31.412	143.75	847	0.0199	0.1273	0.1627	0.2046	7.2	-7.203	1148	1029	958	0.015658
QC_Shew_12_02_Run-11_5Sep12_Eagle_12-06-09	NULL	NULL	0	NULL	17.9	17.05	21.52	6.76	15.99	0	0	0	0	0	0	8	3	0	0	0	0	10	0	0	0	0	0	0	0	0	0	0	0	0	0	0	0	6.16	-6.156	0	0	0	0
QC_Shew_12_02_Run-11_6Sep12_Eagle_12-01-12	NULL	NULL	0	NULL	32.54	37.59	17.23	37.66	23.24	0	0	0	0	0	0	0	0	0	0	0	0	10	0	0	0	0	0	0	0	0	0	0	0	0	0	0	0	6.24	-6.244	0	0	0	0
QC_Shew_12_02_Run-11_7Dec12_Lion_12-10-03	0.000664	0	19.7433	38.1395	48.37	57.83	37.64	39.67	56.91	4.843	6.387	401	3878	1.586	1.156	8	15	805.2112	0.004505	0.352252	0	0.083	50.97	376150	22.847	1.83E+06	-0.067761	0.264261	-39.599	-39.279	5.332	134	825	0.0972	0.1267	0.157	0.2033	7.51	-7.509	1478	1258	1181	0.017782
QC_Shew_12_02_Run-12_12Dec12_Lion_12-10-04	0	0.007087	20.2767	30.9715	67.67	76.88	72.47	36.88	78.5	4.012	3.711	408	3997	1.634	1.204	23	22	805.9159	0.007568	0.365405	0	10	35.43	623820	11.885	2.31E+06	-0.06977	0.262034	-37.372	-37.246	4.621	118.05	768	0.0721	0.1199	0.1473	0.2055	7.42	-7.422	1238	948	892	0.015695
QC_Shew_12_02_Run-12_23Aug12_Eagle_12-06-13	0	0.012107	8.5569	48.0314	32	33.35	21.17	26.55	45.87	6.193	6.917	150	1501	1.545	1.161	2	0	907.4863	0.018349	0.497248	0	2.407	27.28	101130	37.24	3.42E+05	-0.013301	0.227076	-6.919	-6.9	36.916	89.68	898	0.0005	0.0165	0.1453	0.2244	6.99	-6.991	806	664	610	0.018033
QC_Shew_12_02_Run-12_4Sep12_Eagle_11-10-18	0	0.001727	16.3302	35.4558	43.43	57.52	43.23	29.48	67.55	5.29	5.111	284	2846	1.51	1.143	1	0	825.4283	0.016352	0.440252	0	0.351	42.165	85138	15.892	315218	-0.018809	0.224104	-10.747	-10.663	37.643	109.15	849	0.0159	0.1192	0.166	0.1942	7.18	-7.177	1139	961	891	0.017957
QC_Shew_12_02_Run-12_5Sep12_Eagle_12-06-13	0.000851	0.011064	12.6622	46.3585	64.35	74.84	32.93	24.36	72.89	6.455	4.48	214	2138	1.574	1.156	1	0	933.8168	0.021438	0.460277	0	10	32	86254	16.005	278590	-0.008938	0.222289	-4.988	-4.775	49.05	97.65	879	0.0093	0.1377	0.1815	0.2168	7.12	-7.115	1148	937	862	0.024362
QC_Shew_12_02_Run-12_6Sep12_Eagle_11-10-18	0.000697	0.004878	15.945	44.9044	62.01	78.13	55.4	28.25	83.69	6.098	4.371	263	2626	1.528	1.161	0	0	865.9273	0.025717	0.39367	0	1.9565	35.3	57889	11.336	193515	0.011849	0.222937	7.486	7.491	62.788	98.205	837	0.0532	0.2073	0.2175	0.1895	7.31	-7.314	1404	1197	1111	0.021602
QC_Shew_12_02_Run-12_8Dec12_Lion_12-10-04	0.000612	0.004896	19.3977	42.0153	54.88	63.11	38.38	43.96	66.42	5.035	6.733	386	3825	1.646	1.197	5	4	830.4475	0.005947	0.382328	0	10	20.41	29836	19.945	1542100	-0.070419	0.25095	-33.938	-33.865	6.596	125	846	0.1181	0.1674	0.1741	0.2318	7.57	-7.574	1603	1330	1248	0.019231
QC_Shew_12_02_Run-12a_25Sep12_Eagle_11-10-18	0	0	0.744	4.0323	45.42	39.01	28.19	111.17	32.14	0	0	11	111	1.084	0.788	0	0	1024.057	0	2	0	10	46.96	2263	1.282	4554	0.322479	0.259083	157.607	161.341	100	16.065	246	0	0	0	0.0022	6.69	-6.687	3	3	3	0
QC_Shew_12_02_Run-13_23Aug12_Eagle_12-06-09	0	0.005263	8.3424	45.5504	33.65	35.69	25.36	28.4	44.17	5.726	7.636	146	1466	1.561	1.19	1	1	904.456	0.011429	0.43619	0	2.472	27.025	105745	21.696	3.45E+05	-0.03979	0.225117	-20.746	-20.711	36.114	86.02	903	0.0009	0.0085	0.1374	0.2099	6.97	-6.972	742	620	573	0.027923
QC_Shew_12_02_Run-13_28Aug12_Eagle_12-06-09	0	0	15.3002	25.0977	64.52	79.97	37.7	59.33	84.28	9.2	5.417	229	2295	1.424	1.098	0	0	748.3932	0	0.474088	0	10	35.27	9596.1	19.809	52524	-0.114721	0.245431	-65.374	-64.277	100	127.3	781	0.0358	0.0833	0.1345	0.1553	7.12	-7.119	754	692	664	0.016566
QC_Shew_12_02_Run-13_4Sep12_Eagle_12-06-09	0	0.00107	12.0765	38.6701	37.07	54.59	29.07	26.28	56.56	5.565	5.4	210	2106	1.517	1.136	1	0	869.2323	0.016129	0.491935	0	0.902	34.29	84015	12.631	369107	0.004249	0.219238	2.214	2.429	35.273	101.7	874	0.0004	0.0308	0.1679	0.2166	7.07	-7.067	921	794	731	0.010944
QC_Shew_12_02_Run-13_5Sep12_Eagle_12-06-09	0	0	4.0772	24.7719	60.47	77.16	26.6	49.47	73.69	6.391	11.5	71	711	1.391	1.095	8	4	688.3669	0.017544	0.146199	0	10	74.69	62502	14.24	298647	-0.121406	0.214921	-78.664	-78.184	30.847	152.1	819	0	0.0172	0.1483	0.0979	6.96	-6.963	198	181	171	0.005848
QC_Shew_12_02_Run-13_7Dec12_Lion_12-10-03	0	0.000664	19.7613	38.1048	49.63	57.52	32.98	45.43	56.98	5.484	6.067	410	3879	1.604	1.167	7	6	797.8927	0.006352	0.360254	0	0.2025	31.48	122105	22.443	1.72E+06	-0.050621	0.258869	-26.68	-26.564	5.478	133.5	823	0.103	0.1429	0.1508	0.1987	7.52	-7.516	1479	1274	1199	0.019183
QC_Shew_12_02_Run-14_23Aug12_Eagle_12-06-13	0	0.012228	8.1314	45.2567	32.27	32.5	21.59	32.25	38.74	5.779	7	142	1423	1.53	1.153	0	1	901.8987	0.016985	0.545648	0	2.759	26.31	98846	53.969	3.17E+05	-0.024991	0.227849	-13.768	-13.23	40.108	95.875	895	0.0028	0.0135	0.1088	0.2176	6.99	-6.992	722	587	537	0.018622
QC_Shew_12_02_Run-14_24Aug12_Eagle_12-06-13	0	0	14.945	35.2626	34.66	45.69	28.68	28.54	55.55	6.067	7.5	265	2645	1.456	1.119	0	0	775.2388	0.008152	0.429348	0	0.6435	53.64	63101	19.338	276939	-0.105841	0.24823	-55.878	-55.533	35.505	146.1	861	0.0153	0.1263	0.152	0.1808	7.15	-7.153	1031	909	853	0.023447
QC_Shew_12_02_Run-14_6Sep12_Eagle_12-06-13	0	0.007422	12.9198	57.199	50.54	61.62	30.02	28.02	63.51	5.202	5.235	220	2198	1.506	1.125	0	0	887.435	0.02988	0.446215	0	10	40.52	78808	13.392	294475	0.009149	0.22173	5.137	5.353	43.903	115.5	848	0.0025	0.1614	0.301	0.2764	7.24	-7.242	1442	1244	1124	0.02758
QC_Shew_12_02_Run-15_13Dec12_Lion_12-10-03	0	0	12.5255	29.3002	92.63	97.52	69.92	67.37	101.68	3.117	4.286	262	2405	1.643	1.222	27	30	773.8955	0.006957	0.283478	0	10	65.23	82.6925	8.63	2172100	-0.065656	0.261026	-41.599	-41.505	4.532	112.65	795	0.1304	0.1251	0.1546	0.2248	7.68	-7.676	716	553	517	0.027079
QC_Shew_12_02_Run-15_22Aug12_Eagle_12-06-09	0	0	4.0971	2.1967	71.19	68.97	34.12	76.72	65.76	10	1	62	619	1.046	0.937	4	3	947.4888	0	1.5	0	10	13.19	1028.55	10.909	4.16E+03	-0.161366	0.228662	-67.091	-62.36	100	18.47	214	0.0026	0.0017	0.0087	0	6.66	-6.657	15	13	12	0
QC_Shew_12_02_Run-15_28Aug12_Eagle_12-06-09	0.001304	0	14.9479	25.6223	65.76	77.87	40.96	61.4	81.59	7.012	16.6	223	2232	1.371	1.06	0	0	743.5415	0	0.578189	0	10	35.15	8439	16.436	46056	-0.121276	0.250526	-73.969	-73.879	100	122	758	0.0308	0.089	0.1419	0.151	7.13	-7.126	757	692	663	0.012066
QC_Shew_12_02_Run-15_5Sep12_Eagle_12-06-09	NULL	NULL	0	NULL	23.78	26.2	6.95	58.87	69.2	0	0	0	0	0	0	9	11	0	0	0	0	10	0	0	0	0	0	0	0	0	0	0	0	0	0	0	0	6.37	-6.366	0	0	0	0
QC_Shew_12_02_Run-15_8Dec12_Lion_12-10-03	0.002522	0.005044	17.3073	22.9383	70.13	83.18	34.03	67.32	98.15	5.903	11.625	305	2829	1.544	1.131	9	9	741.4379	0	0.621677	0	3.6405	29.2	18353	16.125	137783	-0.073356	0.255299	-39.553	-39.416	72.158	122.05	789	0.0396	0.1012	0.0994	0.1243	7.14	-7.144	777	669	643	0.020218
QC_Shew_12_02_Run-16_12Dec12_Lion_12-10-04	0.000832	0.009151	18.9985	31.0024	72.17	78.35	71.09	46.39	77.32	4.14	3.925	384	3746	1.586	1.158	15	15	835.4903	0.004551	0.362912	0	10	33.89	629480	12.227	2.23E+06	-0.049905	0.25942	-25.67	-25.107	4.588	107.2	778	0.0789	0.1264	0.1375	0.1997	7.38	-7.381	1156	902	848	0.022406
QC_Shew_12_02_Run-16_28Aug12_Eagle_12-06-13	0	0	15.0651	26.8833	35.16	53.88	28.7	24.68	60.99	8.56	15	226	2257	1.43	1.087	0	0	760.3786	0	0.528409	0	4.903	36.77	9896.45	17.201	53393	-0.101716	0.251475	-55.207	-55.197	100	128.6	786	0.0164	0.0774	0.1526	0.1812	7.14	-7.143	789	732	704	0.024148
QC_Shew_12_02_Run-16_4Sep12_Eagle_11-10-18	0	0.001857	16.1504	33.25	63.05	86.87	70.22	30.09	91.79	6.509	4.783	280	2809	1.641	1.173	1	1	813.0567	0.011889	0.410832	0	10	39.68	79550	17.491	314493	-0.018196	0.229405	-10.247	-10.21	38.449	104.7	859	0.0192	0.1215	0.1585	0.19	7.21	-7.209	1057	902	848	0.016509
QC_Shew_12_02_Run-16_6Dec12_Lion_12-10-04	0.001262	0.004416	19.5067	40.5502	48.43	56.26	35.26	36.86	54.86	4.572	6.515	388	3848	1.582	1.151	6	6	800.9257	0.006826	0.345563	0	0.067	56.97	467625	23.925	1997200	-0.043776	0.25435	-23.013	-22.964	4.98	133.25	811	0.0969	0.1453	0.1598	0.2002	7.54	-7.537	1554	1311	1224	0.018791
QC_Shew_12_02_Run-16_6Sep12_Eagle_11-10-18	0.001768	0.002653	16.1494	34.862	51.96	66.76	52.84	32.04	79.39	5.124	7.211	272	2717	1.563	1.169	0	0	844.4648	0.012484	0.399501	0	0.448	30.39	68524	28.789	232651	-0.026461	0.228843	-15.319	-15.106	52.61	94.005	856	0.028	0.1294	0.1714	0.1622	7.17	-7.169	1107	915	858	0.016317
QC_Shew_12_02_Run-18_23Aug12_Eagle_12-06-13	0.001757	0.012302	6.646	42.582	33.68	32.27	26.02	27.17	29.7	7.362	3.133	115	1153	1.547	1.149	1	2	944.8186	0.016854	0.581461	0	3.061	27.945	88909	46.824	285121	-0.052511	0.228988	-25.6	-25.543	45.452	87.395	910	0.0029	0.0121	0.061	0.1976	6.93	-6.931	556	443	411	0.017032
QC_Shew_12_02_Run-2_22Aug12_Eagle_12-06-13	0	0	13.2906	7.9756	60.73	68.14	27.84	47.45	71	11.333	7.5	199	1987	1.236	1.004	1	0	791.1609	0	0.590909	0	10	11.7	2086.2	6.007	8309	-0.037047	0.239108	-15.934	-15.057	100	34.54	417	0.0092	0.0266	0.0488	0.0293	6.89	-6.894	207	193	185	0.016216
QC_Shew_12_02_Run-20_23Aug12_Eagle_12-06-13	0	0.007984	6.3459	39.5531	40.06	41.44	26.13	24.94	31.41	5.709	9.167	110	1097	1.499	1.16	5	6	943.5151	0.00974	0.616883	0	3.3065	24.73	81294	38.876	280549	-0.088553	0.243103	-50.821	-50.09	43.96	79.14	901	0.0025	0.0069	0.0515	0.1862	6.95	-6.945	488	398	372	0.026882
QC_Shew_12_02_Run-21_23Aug12_Eagle_12-06-09	0	0.004651	6.0632	35.4598	60.43	68.02	43.72	28.7	65.51	7.462	3.9	105	1052	1.534	1.143	3	5	939.3489	0.01476	0.571956	0	10	21.9	82291	21.498	261308	-0.035453	0.232344	-18.289	-18.074	45.558	79.245	934	0.0005	0.0036	0.0499	0.1663	6.94	-6.937	421	366	339	0.017699
QC_Shew_12_02_Run-22_23Aug12_Eagle_12-06-13	0	0.015152	6.4215	35.9729	36.43	36.44	20.39	29.49	29.87	8.647	3.778	110	1102	1.623	1.201	1	1	940.6945	0.014134	0.618375	0	5.262	28.14	82513	52.496	287434	-0.061851	0.241063	-29.224	-28.864	49.086	83.915	888	0.002	0.0055	0.0494	0.173	6.94	-6.943	452	365	339	0.020649
QC_Shew_12_02_Run-7_22Aug12_Eagle_12-06-09	0	0.018519	7.9978	3.501	57.77	57.25	30.13	75.58	65.17	4.375	8	120	1206	1.385	1.013	0	1	919.9677	0	1.347826	0	10	12.85	1014.35	10.013	4635	-0.091386	0.265753	-44.517	-41.366	100	20.585	244	0.002	0.0072	0.0145	0.0118	6.8	-6.796	52	47	43	0.023256
QC_Shew_12_02_Run-8_22Aug12_Eagle_12-06-13	0	0	6.48	1.3889	54.85	52.91	31.45	81.05	52.84	3.333	0	97	974	1.32	1.062	0	1	959.4897	0	1.666667	0	10	12.225	930.3695	6.92	4577	0.054823	0.266002	27.688	39.939	100	17.66	220	0	0.0015	0.009	0.0015	6.73	-6.73	16	14	13	0
QC_Shew_12_02_Run-9_22Aug12_Eagle_12-06-09	0	0	5.1308	3.3133	56.71	53.87	28.16	91.64	55.01	5.333	1.5	77	774	1.297	0.954	0	1	892.469	0	1.133333	0	10	12.65	995.362	9.352	3620	0.008288	0.197057	3.02	7.714	100	19.385	204	0.0035	0.0042	0.0085	0.0063	6.78	-6.778	30	25	21	0.047619
QC_Shew_12_03_100ng_100nl_Run-01_7Feb13_Rogue_12-10-03	0.001189	0.001189	24.8515	33.2777	52.7	61.76	33.85	33.59	62.53	5.66	8.583	453	4532	1.628	1.112	1	2	809.434	0.006579	0.376645	0	0.6975	29.115	70164	14.796	3.78E+05	-0.041237	0.258643	-24.022	-23.944	26.06	103	786	0.0761	0.1173	0.1384	0.2214	7.36	-7.357	1602	1438	1353	0.033999
QC_Shew_12_03_100ng_100nl_Run-02_7Feb13_Rogue_12-10-04	0.001503	0.000501	26.4892	37.185	40.94	50.68	39.67	26.18	55.98	6.152	8.615	471	4712	1.647	1.106	2	7	816.824	0.002244	0.490651	0	1.192	37.33	48776	32.769	2.67E+05	-0.027312	0.266888	-16.115	-15.91	36.772	108.7	774	0.0833	0.1521	0.1564	0.2201	7.38	-7.384	1893	1649	1570	0.043312
QC_Shew_12_03_100ng_100nl_Run-03_7Feb13_Rogue_12-10-03	0.003155	0.000526	26.9719	34.7399	35.73	47.29	29.26	26.24	52.54	5.869	11.45	459	4590	1.62	1.101	10	7	782.9095	0.002239	0.417164	0	1.9335	41.45	23932.5	23.252	1.81E+05	-0.051917	0.264539	-29.685	-29.684	51.731	115.95	753	0.0304	0.1337	0.1656	0.2228	7.31	-7.311	1797	1594	1529	0.044474
QC_Shew_12_03_100ng_100nl_Run-04_7Feb13_Rogue_12-10-04	0.001856	0.000464	27.0919	39.2368	35.47	49.52	27.68	23.54	55.24	5.58	10.56	454	4542	1.671	1.104	11	9	787.4328	0.000704	0.516901	0	2.382	47.675	20740	38.304	148519	-0.045238	0.267256	-26.248	-26.238	69.567	113.65	716	0.0506	0.1434	0.1704	0.2387	7.4	-7.403	2032	1764	1684	0.051069
QC_Shew_12_03_100ng_100nl_Run-05_7Feb13_Rogue_12-10-03	0	0.00051	26.6732	36.3286	34.31	46.35	28.35	25.27	48.38	6.148	9.542	458	4582	1.712	1.138	1	6	781.7327	0.002198	0.435165	0	1.895	44.17	26083	28.149	1.96E+05	-0.035776	0.268629	-21.142	-21.129	53.367	111	750	0.0281	0.1363	0.167	0.2244	7.31	-7.309	1852	1648	1584	0.049242
QC_Shew_12_03_100ng_100nl_Run-06_7Feb13_Rogue_12-10-04	0.000488	0	28.2912	35.8062	39.35	56.18	29.65	26.42	55.19	5.48	9.769	493	4924	1.756	1.145	12	11	789.3995	0.002819	0.44186	0	1.631	41.52	31281.5	36.412	2.31E+05	-0.0473	0.270274	-27.628	-27.131	49.807	113.7	747	0.048	0.1358	0.1479	0.2298	7.36	-7.359	1909	1669	1587	0.060491
QC_Shew_12_03_100ng_150nl_Run-01_5Feb13_Rogue_12-10-03	0.001522	0.000507	28.5192	34.1174	35.96	48.19	28.2	25.57	48.5	5.945	11.286	476	4764	1.625	1.104	2	1	778.3716	0.000715	0.409156	0	1.902	44.23	21999	22.954	161431	-0.055556	0.270562	-27.868	-27.652	63.153	119.6	721	0.0417	0.1307	0.1604	0.2221	7.33	-7.327	1859	1666	1593	0.045825
QC_Shew_12_03_100ng_150nl_Run-02_5Feb13_Rogue_12-10-04	0	0.000417	27.7585	42.5455	34.73	50.53	26.02	23.8	53.86	6.298	10.462	461	4610	1.713	1.129	10	9	798.7352	0.000627	0.502506	0	2.4795	50.92	19036	40.442	149355	-0.052473	0.270996	-27.164	-26.506	74.766	117	705	0.0558	0.1576	0.19	0.2619	7.48	-7.478	2238	2010	1911	0.054422
QC_Shew_12_03_100ng_150nl_Run-03_5Feb13_Rogue_12-10-03	0.000468	0.000936	29.1804	36.1887	36.69	50.72	28.42	24.84	54.41	6.692	13.765	496	4961	1.58	1.105	1	1	788.7877	0.001389	0.481944	0	1.831	46.98	26614	29.462	168643	-0.059014	0.271087	-30.774	-30.538	58.456	119.6	736	0.0535	0.1619	0.1658	0.2158	7.37	-7.375	2022	1831	1746	0.042383
QC_Shew_12_03_100ng_150nl_Run-04_5Feb13_Rogue_12-10-04	0.000851	0.000425	29.4227	39.3914	35.72	50.54	25.97	26.47	57.08	5.708	13.091	498	4977	1.665	1.108	7	4	800.9241	0.000641	0.50641	0	2.154	49.89	23160	51.021	1.66E+05	-0.057393	0.271903	-30.201	-30.067	61.555	118.8	708	0.0626	0.1568	0.1786	0.2406	7.41	-7.408	2194	1941	1849	0.059492
QC_Shew_12_03_100ng_150nl_Run-05_5Feb13_Rogue_12-10-03	0.000923	0.000461	28.8352	37.1768	35.52	50.66	28.2	23.68	51.22	6.5	9.308	502	5021	1.627	1.113	1	0	783.2268	0.000678	0.470149	0	1.4375	44.42	31695.5	31.77	2.00E+05	-0.037787	0.269108	-20.737	-20.705	47.861	122.05	733	0.051	0.1529	0.165	0.2181	7.33	-7.331	2056	1844	1762	0.045403
QC_Shew_12_03_100ng_150nl_Run-06_5Feb13_Rogue_12-10-04	0.000441	0	28.8657	38.5579	36.72	51.32	26.25	25.75	54.74	6.042	7.706	492	4915	1.79	1.122	9	8	797.4823	0.000663	0.502982	0	2.073	47.405	23558.5	53.166	1.77E+05	-0.042123	0.26896	-20.939	-20.774	59.348	121.1	712	0.0565	0.1516	0.1695	0.2351	7.39	-7.393	2121	1888	1784	0.054933
QC_Shew_12_03_A_27Jan13_Leopard_12-12-26	0	0	15.7838	4.8784	69.09	75.23	75.53	86.47	85.43	7.667	7.5	243	2426	1.19	1	0	0	796.4212	0	1.684211	0	8.1945	8.526	5088.1	7.383	16624	-0.013538	0.258572	-5.686	-4.257	100	32.935	473	0	0.0087	0.024	0.0399	6.85	-6.849	149	135	130	0.015385
QC_Shew_12_03_A_28Jan13_Leopard_12-12-43	0	0	0	NULL	31.39	24.4	89.62	99.71	26	0	0	0	1	1.183	0	0	0	717.8955	0	0	0	8.123	0	0	0	6454	0.325569	0.325569	227.071	227.071	100	0	301	0	0.0008	0	0	6.72	-6.715	1	1	1	0
QC_Shew_12_03_B_27Jan13_Leopard_12-12-27	0	0	21.5969	53.7577	36.29	39.27	35.32	26.2	36.29	4.697	4.412	412	4116	1.562	1.147	0	0	819.5948	0.031427	0.451917	0	0.098	78.74	303160	17.19	1153950	-0.012355	0.267596	-5.507	-5.437	7.898	121.2	829	0.1759	0.2642	0.2375	0.217	8.14	-8.139	2286	1962	1767	0.019808
QC_Shew_12_03_C_27Jan13_Leopard_12-12-26	0	0	19.9315	39.0839	34.73	46.56	29.81	26.66	46.45	6.272	10.588	306	3055	1.56	1.138	0	0	761.1593	0.00105	0.658613	0	3.548	74.3	10809	18.571	55709	0.042696	0.262918	21.941	21.998	100	115.4	689	0.092	0.1959	0.207	0.2245	7.77	-7.773	1538	1386	1315	0.012928
QC_Shew_12_03_D_28Jan13_Leopard_12-12-44	0	0.004115	22.1152	54.1257	43.63	47.18	39.23	33.04	48.28	4.778	3.667	417	4172	1.607	1.171	1	0	813.4138	0.055686	0.368699	0	0.1405	68.43	219885	15.819	807663	-0.003387	0.263982	-2.176	-2.051	11.048	122.05	814	0.124	0.2388	0.2455	0.2366	8.07	-8.068	2361	1989	1795	0.016156
QC_Shew_12_03_E_27Jan13_Leopard_12-12-26	0	0	20.4826	39.7899	34.3	46.59	28.43	30.52	43.37	5.995	7.423	313	3128	1.605	1.137	0	0	762.0353	0.001002	0.660321	0	4.347	66.12	10165	18.859	51983	0.065175	0.274303	36.851	36.925	100	106.5	673	0.0837	0.1947	0.2291	0.2494	7.9	-7.899	1611	1452	1364	0.012463
QC_Shew_12_03_E_28Jan13_Leopard_12-12-43	0.000689	0.001377	19.3369	37.0794	53.03	66.64	46.56	34.7	71.42	4.892	8.083	292	2920	1.568	1.133	0	1	776.4245	0.001025	0.48668	0	5.079	41.56	8628.05	14.43	41036	0.034431	0.264773	17.799	17.963	100	93.49	650	0.0525	0.1715	0.1794	0.2621	7.6	-7.6	1413	1213	1157	0.013829
QC_Shew_12_03_F_28Jan13_Leopard_12-12-44	0	0.004304	22.5613	55.8478	41.15	44.78	38.02	31.07	44.3	4.207	5.508	426	4255	1.63	1.174	1	1	817.3859	0.062933	0.412818	0	0.157	63.96	204790	15.581	789616	-0.015434	0.261921	-7.341	-7.331	11.816	118.1	817	0.1232	0.2403	0.2526	0.2698	8.16	-8.158	2478	2080	1867	0.019818
QC_Shew_12_03_G_28Jan13_Leopard_12-12-43	0	0	18.5821	39.2313	53.09	68.35	42.87	33.88	71.68	4.878	7.538	280	2801	1.636	1.159	3	3	779.4063	0.001026	0.508718	0	5.1465	40.825	8612.9	15.076	43133	-0.00892	0.270599	-4.334	-3.736	100	92.04	665	0.0398	0.1546	0.1957	0.2837	7.65	-7.647	1436	1225	1169	0.014542
QC_Shew_12_03_H_27Jan13_Leopard_12-12-27	0.000404	0.001213	21.5332	56.3316	35.38	38.82	35.61	27.04	39	4.613	3.78	407	4071	1.616	1.18	0	0	818.1845	0.046163	0.43705	0	0.1515	73.025	197090	16.307	845150	0.005548	0.267362	2.404	2.566	10.798	127	829	0.1813	0.2511	0.2494	0.2576	8.33	-8.327	2392	2044	1824	0.016447
QC_Shew_12_03_H_28Jan13_Leopard_12-12-44	0	0.004353	22.42	55.62	42.33	46.88	34.88	34.6	45.59	4.101	5.014	421	4219	1.618	1.171	0	0	817.4654	0.058153	0.382554	0	0.158	65.76	200990	16.209	737085	0.000144	0.267064	0.073	0.077	12.196	120.2	814	0.1223	0.2474	0.2502	0.2583	8.12	-8.122	2452	2047	1832	0.020742
QC_Shew_12_03_Run-01_16Jan13_Lion_12-10-03	0.021915	0.001153	26.4194	15.9731	54.71	56.38	30.14	71.41	68.02	3.462	2.516	333	3057	1.535	1.195	6	5	805.1293	0	0.676983	0	6.022	17.57	3949.5	79.844	55849	-0.002563	0.267017	-1.085	-0.933	100	51.04	634	0.0133	0.0492	0.1179	0.1484	7.04	-7.036	836	453	420	0.011905
QC_Shew_12_03_Run-01_17Jan13_Rogue_12-10-03	0.000481	0.002407	36.0513	28.404	90.05	105.51	68.56	40.21	103.67	2.613	2.352	548	5409	1.698	1.273	6	9	766.0813	0.00463	0.369048	0	0.096	56.63	340090	19.466	1.60E+06	-0.002476	0.268342	-1.533	-1.368	6.247	134.8	762	0.0878	0.1299	0.1625	0.2265	7.68	-7.678	2036	1331	1222	0.006547
QC_Shew_12_03_Run-01_21Jan13_Rogue_12-10-03	0.001364	0.000909	32.6922	33.1272	80.4	92.36	34.25	52.43	93.72	2.266	2.406	670	6376	1.747	1.314	5	4	750.8624	0.008182	0.277615	0	0.092	86.77	310120	38.673	1.72E+06	-0.052666	0.269861	-29.592	-29.584	5.774	135.35	750	0.0599	0.1109	0.1353	0.1979	7.57	-7.574	2145	1357	1245	0.010442
QC_Shew_12_03_Run-02_16Jan13_Lion_12-10-04	0.032164	0.005848	25.364	13.2865	47.64	39.56	113.86	108.47	41.72	2.855	2.091	369	2950	1.495	1.106	6	4	766.8848	0	0.390244	0	4.662	13.01	4300.95	234.367	55059	-0.027146	0.263394	-13.522	-13.244	100	58.41	594	0.0067	0.0238	0.084	0.1355	7.03	-7.027	668	349	324	0.012346
QC_Shew_12_03_Run-02_17Jan13_Rogue_12-10-04	0.002189	0.002737	32.2299	27.8934	79.64	91.15	40.57	67.57	90.87	2.721	1.92	491	4816	1.687	1.27	6	2	720.5907	0.007215	0.310967	0	0.1075	88.59	240260	29.381	1586500	-0.002356	0.276801	-1.369	-0.984	6.24	143.45	749	0.0449	0.1225	0.1494	0.2131	7.64	-7.642	1784	1177	1073	0.008388
QC_Shew_12_03_Run-02_21Jan13_Rogue_12-10-04	0.001323	0.003088	33.3084	33.475	78.04	91.81	39.64	33.35	98.11	2.469	3.187	703	6487	1.745	1.314	10	6	791.8502	0.006042	0.363746	0	0.095	51.775	340700	16.636	1.55E+06	-0.033062	0.259746	-17.22	-16.958	6.676	125.55	770	0.0433	0.1159	0.139	0.2011	7.39	-7.388	2209	1456	1348	0.013353
QC_Shew_12_03_Run-03_16Jan13_Lion_12-10-03	0.000997	0.001994	34.6707	28.4102	85.73	103.27	45.85	45.78	107.57	2.674	2.88	547	5196	1.695	1.258	11	10	764.1631	0.005491	0.371311	0	0.087	53.155	366265	21.12	1753650	-0.006834	0.268639	-4.827	-4.809	5.704	128.55	752	0.0594	0.1346	0.159	0.2256	7.59	-7.586	1953	1313	1210	0.012397
QC_Shew_12_03_Run-03_17Jan13_Rogue_12-10-03	0	0.001504	35.3002	27.6202	75.64	88.36	41.12	42.49	91.37	2.543	2.694	540	5285	1.648	1.231	7	9	769.4022	0.006949	0.37943	0	0.1	54.22	302550	27.865	1.43E+06	-0.025488	0.268554	-15.348	-14.96	6.844	132.6	758	0.062	0.128	0.1501	0.2244	7.55	-7.547	1936	1295	1190	0.009244
QC_Shew_12_03_Run-03_21Jan13_Rogue_12-10-03	0.000977	0.001953	28.2718	35.5478	81.13	91.84	35.78	43.57	91.88	2.318	2.607	561	5529	1.692	1.28	5	2	757.6473	0.005693	0.28969	0	0.098	50.37	289970	26.69	1.68E+06	-0.057886	0.266197	-34.46	-34.435	5.881	127.3	774	0.0561	0.117	0.1384	0.2047	7.48	-7.477	1992	1254	1155	0.01039
QC_Shew_12_03_Run-04_16Jan13_Lion_12-10-04	0.00213	0.00213	33.1065	27.9401	79.19	87.2	44.66	91.48	91.75	2.552	2.214	506	4944	1.688	1.246	3	4	719.5436	0.005575	0.303136	0	0.09	94.07	283260	30.793	1.85E+06	-0.034402	0.273301	-18.845	-18.756	5.335	152.25	730	0.0525	0.1288	0.1429	0.2207	7.71	-7.712	1836	1189	1092	0.008242
QC_Shew_12_03_Run-04_17Jan13_Rogue_12-10-04	0.000527	0.002637	32.9374	28.3265	78.45	86.96	43.37	72.4	90.26	2.347	2.425	503	4913	1.718	1.269	4	3	722.3937	0.006845	0.290897	0	0.1075	95.795	236595	33.788	1542300	0.006256	0.272551	3.873	3.885	6.474	140.75	742	0.0553	0.1269	0.1531	0.2121	7.69	-7.693	1850	1185	1089	0.008264
QC_Shew_12_03_Run-04_21Jan13_Rogue_12-10-04	0.00042	0.002939	34.3961	33.9864	69.82	82.93	35.21	36.2	81.67	2.618	2.703	677	6744	1.715	1.266	9	4	784.4192	0.00577	0.368725	0	0.091	56.96	346290	24.63	1.50E+06	-0.017718	0.265444	-8.956	-8.945	6.878	122.45	769	0.0552	0.1137	0.1373	0.2092	7.45	-7.451	2316	1557	1430	0.011888
QC_Shew_12_03_Run-05_16Jan13_Lion_12-10-03	0.000658	0.003289	26.0494	28.6763	81.66	104.14	35.72	42.17	101.12	2.774	3.391	418	3903	1.639	1.233	5	5	811.4128	0.003728	0.412861	0	0.104	25.96	338985	16.146	1.67E+06	-0.034084	0.266866	-16.835	-16.702	5.767	114.15	775	0.0124	0.1261	0.1522	0.208	7.31	-7.31	1481	1003	926	0.010799
QC_Shew_12_03_Run-05_17Jan13_Rogue_12-10-03	0	0.002761	31.325	28.5076	78.69	96.3	34.76	41.22	94.01	3.268	2.686	498	4681	1.714	1.249	4	8	776.2467	0.00387	0.397833	0	0.104	37.96	303530	15.711	1499500	-0.019976	0.2669	-10.027	-9.771	6.613	121.95	767	0.0319	0.1338	0.1545	0.2226	7.42	-7.422	1772	1204	1121	0.010705
QC_Shew_12_03_Run-05_21Jan13_Rogue_12-10-03	0.001325	0.002208	31.9191	34.9321	78.24	92.63	31.9	47.68	96.98	2.465	2.612	625	6245	1.7	1.29	3	4	755.16	0.008621	0.293103	0	0.085	90.75	331890	42.561	1616800	-0.054736	0.263278	-30.296	-30.295	6.304	134.95	758	0.0489	0.1144	0.1341	0.2021	7.49	-7.493	2212	1410	1297	0.009252
QC_Shew_12_03_Run-06_16Jan13_Lion_12-10-04	0.00395	0.002257	32.2249	27.0288	81	91.41	40.33	86.2	94.7	2.118	2.382	498	4803	1.738	1.311	3	2	707.3802	0.007331	0.291789	0	0.115	88.83	207875	29.753	1619800	-0.027161	0.278196	-17.326	-17.326	6.208	156.3	737	0.0495	0.1229	0.1433	0.2062	7.72	-7.717	1729	1074	989	0.0091
QC_Shew_12_03_Run-06_17Jan13_Rogue_12-10-04	0.001081	0.001622	32.2999	28.1425	84.21	97.55	43.35	70.97	102.34	2.118	2.407	498	4809	1.737	1.29	4	4	716.6382	0.007143	0.314286	0	0.131	82.26	206190	28.53	1456550	-0.024955	0.275341	-15.525	-15.348	6.81	149.2	747	0.0495	0.1177	0.1582	0.2154	7.66	-7.662	1805	1121	1028	0.009728
QC_Shew_12_03_Run-06_21Jan13_Rogue_12-10-04	0	0.000403	35.1353	34.6375	71.56	81.83	45.22	32.09	83.92	2.882	2.3	690	6878	1.671	1.257	5	9	784.9021	0.008287	0.361326	0	0.097	61.79	329290	20.68	1448300	-0.032606	0.264091	-16.954	-16.928	6.988	126.8	772	0.0591	0.116	0.1463	0.213	7.45	-7.455	2414	1601	1465	0.010922
QC_Shew_12_03_Run-07_16Jan13_Lion_12-10-03	0.000739	0.006647	23.6532	28.2414	84.78	116.42	38.78	36.95	117.46	2.531	3.508	375	3549	1.619	1.224	5	4	814.4216	0.004188	0.413613	0	0.358	22.38	317210	18.081	1590100	-0.007473	0.26799	-3.274	-3.107	5.999	107.7	781	0.0067	0.1109	0.1531	0.1989	7.24	-7.242	1325	890	823	0.010936
QC_Shew_12_03_Run-07_17Jan13_Rogue_12-10-03	0	0.000633	30.364	25.9518	77.85	98.3	36.18	40.5	97.21	2.96	3.373	466	4525	1.653	1.247	5	7	776.911	0.00448	0.412186	0	0.132	33.7	250190	16.148	1.27E+06	-0.017748	0.266525	-9.932	-9.662	7.78	126.4	773	0.0256	0.1139	0.1416	0.2045	7.34	-7.344	1561	1084	1005	0.010945
QC_Shew_12_03_Run-07_21Jan13_Rogue_12-10-03	0	0.004125	31.5425	34.0176	74.78	87.64	31.75	50.39	89.33	2.43	2.238	615	6154	1.719	1.306	0	3	746.8942	0.005307	0.28125	0	0.102	80.15	256420	36.122	1429250	-0.056642	0.270104	-32.007	-31.981	7.013	136.1	758	0.0402	0.1129	0.1314	0.1995	7.47	-7.474	2128	1315	1210	0.010744
QC_Shew_12_03_Run-08_16Jan13_Lion_12-10-04	0.002145	0.002145	32.9621	27.8805	78.47	86.74	43.73	79.38	91.51	2.402	2.256	528	4903	1.725	1.274	1	3	715.8653	0.004848	0.286704	0	0.112	90.65	216480	37.56	1560200	-0.030248	0.27817	-16.982	-16.969	6.269	148.55	739	0.0493	0.1248	0.1481	0.2194	7.67	-7.671	1824	1173	1073	0.008388
QC_Shew_12_03_Run-08_21Jan13_Rogue_12-10-04	0.001339	0.001785	34.367	32.1238	72.55	85.16	32.88	31.6	87.92	2.625	3.263	684	6722	1.653	1.259	7	5	796.4248	0.006154	0.372923	0	0.097	51.5	322800	26.945	1354200	-0.052003	0.262964	-27.563	-27.38	7.318	126	778	0.049	0.117	0.129	0.1966	7.37	-7.365	2185	1455	1329	0.014296
QC_Shew_12_03_Run-09_16Jan13_Lion_12-10-03	0.001086	0.004343	30.9713	29.2852	79.78	98.01	33.23	36.32	102.37	2.789	2.723	466	4653	1.684	1.258	8	8	783.1492	0.003005	0.380917	0	0.099	40.53	317405	17.379	1611150	-0.040936	0.273432	-21.922	-21.908	6.048	123.3	762	0.0352	0.124	0.1532	0.2281	7.43	-7.43	1800	1191	1112	0.01259
QC_Shew_12_03_Run-09_21Jan13_Rogue_12-10-03	0.000895	0.002685	32.0683	34.333	77.28	88.94	31.88	54.1	91.35	2.243	2.62	626	6262	1.75	1.302	1	3	742.0291	0.005744	0.278001	0	0.094	91.42	289750	39.478	1507500	-0.059976	0.264494	-32.835	-32.817	6.59	132.6	757	0.0469	0.1103	0.1235	0.2122	7.5	-7.5	2185	1352	1239	0.008878
QC_Shew_12_03_Run-10_16Jan13_Lion_12-10-04	0.001577	0.001052	31.528	29.6562	81.45	92.7	42.4	73.49	95.2	2.369	2.709	497	4695	1.698	1.274	5	9	718.2246	0.009682	0.305671	0	0.117	83.985	222800	33.216	1460300	-0.008514	0.277394	-5.505	-5.395	6.517	141.05	738	0.0553	0.1348	0.1478	0.214	7.7	-7.704	1854	1207	1107	0.007227
